ID	Growth stage	Soil moisture at 20 cm	Soil moisture at 40 cm	Soil moisture at 60 cm	Soil moisture at 80 cm	Net radiation	Min temp	Max temp	Avg temp	Humidity	Wind speed	Rainfall	Effective Precipitation	Eto	amount of Irrigation water
1	Bud break	0.5	0.37	0.35	0.46	7.9	1	13	7	0.7	3.67	20	18	0.08	568
2	Bud break	0.57	0.37	0.32	0.47	11.4	2	12	7	0.68	3.63	20	18	0.09	676
3	Bud break	0.53	0.3	0.25	0.6	8.4	1	12	6.5	0.68	3.64	20	18	0.08	613
4	Bud break	0.44	0.37	0.31	0.31	10.3	1	12	6.5	0.7	3.63	22	19.8	0.08	589
5	Bud break	0.57	0.48	0.34	0.33	11.0	1	13	7	0.7	3.67	20	18	0.08	604
6	Bud break	0.53	0.41	0.35	0.51	10.7	1	11	6	0.69	3.66	20	18	0.08	614
7	Bud break	0.4	0.35	0.29	0.37	7.8	1	11	6	0.67	3.67	22	19.8	0.09	624
8	Bud break	0.4	0.48	0.31	0.57	10.7	2	11	6.5	0.66	3.61	21	18.9	0.10	701
9	Bud break	0.53	0.42	0.32	0.3	9.8	2	11	6.5	0.66	3.65	21	18.9	0.10	695
10	Bud break	0.61	0.46	0.28	0.47	8.6	1	12	6.5	0.65	3.66	22	19.8	0.09	677
11	Bud break	0.47	0.4	0.35	0.43	9.8	2	11	6.5	0.67	3.64	22	19.8	0.09	676
12	Bud break	0.4	0.43	0.33	0.37	8.6	1	11	6	0.69	3.66	21	18.9	0.08	590
13	Bud break	0.4	0.33	0.27	0.35	9.2	1	13	7	0.66	3.63	22	19.8	0.09	662
14	Bud break	0.41	0.42	0.29	0.36	10.2	2	13	7.5	0.7	3.66	20	18	0.09	625
15	Bud break	0.45	0.49	0.27	0.45	10.0	2	13	7.5	0.66	3.63	21	18.9	0.10	704
16	Bud break	0.45	0.3	0.33	0.57	7.9	2	14	8	0.65	3.63	20	18	0.10	715
17	Bud break	0.49	0.47	0.3	0.42	7.7	2	11	6.5	0.69	3.67	22	19.8	0.08	613
18	Bud break	0.47	0.54	0.31	0.6	7.9	1	13	7	0.71	3.63	21	18.9	0.08	548
19	Bud break	0.51	0.47	0.3	0.53	9.5	1	11	6	0.7	3.66	22	19.8	0.08	581
20	Bud break	0.6	0.31	0.33	0.55	11.2	2	11	6.5	0.69	3.67	20	18	0.09	646
21	Bud break	0.54	0.31	0.28	0.34	10.5	1	14	7.5	0.66	3.62	20	18	0.09	680
22	Bud break	0.52	0.32	0.32	0.43	10.1	1	13	7	0.69	3.66	22	19.8	0.08	607
23	Bud break	0.5	0.37	0.28	0.4	10.3	2	14	8	0.69	3.67	20	18	0.09	650
24	Bud break	0.4	0.5	0.32	0.31	10.4	2	13	7.5	0.65	3.62	21	18.9	0.10	735
25	Bud break	0.44	0.44	0.25	0.37	8.9	2	11	6.5	0.69	3.61	22	19.8	0.09	620
26	Bud break	0.41	0.47	0.33	0.49	10.9	2	13	7.5	0.66	3.65	22	19.8	0.10	719
27	Bud break	0.56	0.44	0.33	0.55	7.8	1	13	7	0.65	3.63	21	18.9	0.09	672
28	Bud break	0.42	0.44	0.34	0.42	10.1	2	11	6.5	0.7	3.67	22	19.8	0.09	617
29	Bud break	0.46	0.3	0.33	0.32	11.4	1	13	7	0.71	3.63	20	18	0.08	580
30	Bud break	0.43	0.48	0.33	0.5	8.6	1	13	7	0.71	3.64	21	18.9	0.08	556
31	Bud break	0.55	0.44	0.32	0.54	7.8	1	11	6	0.67	3.64	22	19.8	0.09	617
32	Bud break	0.43	0.4	0.27	0.58	9.4	2	14	8	0.7	3.61	21	18.9	0.08	614
33	Bud break	0.5	0.39	0.31	0.53	8.9	2	14	8	0.67	3.67	20	18	0.09	687
34	Bud break	0.6	0.38	0.29	0.57	9.3	1	11	6	0.7	3.63	21	18.9	0.08	571
35	Bud break	0.5	0.47	0.29	0.35	10.3	2	14	8	0.7	3.61	20	18	0.09	625
36	Bud break	0.6	0.44	0.32	0.42	11.4	1	14	7.5	0.7	3.65	22	19.8	0.08	602
37	Bud break	0.48	0.43	0.36	0.51	8.0	2	13	7.5	0.68	3.67	20	18	0.09	649
38	Bud break	0.49	0.39	0.25	0.39	9.7	1	12	6.5	0.69	3.63	20	18	0.08	599
39	Bud break	0.52	0.31	0.32	0.42	8.1	2	14	8	0.68	3.61	21	18.9	0.09	649
40	Bud break	0.59	0.4	0.32	0.55	8.5	2	11	6.5	0.67	3.64	21	18.9	0.09	661
41	Bud break	0.55	0.29	0.26	0.57	11.4	1	12	6.5	0.66	3.64	22	19.8	0.09	682
42	Bud break	0.51	0.49	0.32	0.39	9.5	1	13	7	0.65	3.65	22	19.8	0.09	687
43	Bud break	0.54	0.47	0.27	0.32	9.7	1	14	7.5	0.69	3.66	20	18	0.08	612
44	Bud break	0.56	0.37	0.28	0.49	11.1	1	11	6	0.66	3.67	21	18.9	0.09	669
45	Bud break	0.52	0.36	0.27	0.31	9.5	2	14	8	0.68	3.64	22	19.8	0.09	665
46	Bud break	0.58	0.47	0.31	0.51	9.9	2	12	7	0.67	3.62	21	18.9	0.09	683
47	Bud break	0.58	0.32	0.27	0.47	8.3	1	11	6	0.71	3.66	20	18	0.08	549
48	Bud break	0.46	0.45	0.26	0.58	10.5	1	12	6.5	0.68	3.63	20	18	0.09	631
49	Bud break	0.59	0.36	0.34	0.44	8.6	2	12	7	0.67	3.65	20	18	0.09	665
50	Bud break	0.59	0.32	0.32	0.55	10.7	2	14	8	0.69	3.67	22	19.8	0.09	657
51	Bud break	0.42	0.47	0.34	0.48	10.0	2	12	7	0.7	3.66	21	18.9	0.09	625
52	Bud break	0.55	0.33	0.25	0.31	8.8	1	11	6	0.66	3.61	21	18.9	0.09	644
53	Bud break	0.59	0.38	0.33	0.34	8.0	2	14	8	0.67	3.64	20	18	0.09	668
54	Bud break	0.48	0.46	0.29	0.59	11.0	1	14	7.5	0.7	3.67	20	18	0.08	600
55	Bud break	0.46	0.39	0.33	0.35	8.0	1	13	7	0.66	3.65	20	18	0.09	651
56	Bud break	0.5	0.42	0.31	0.32	7.8	1	14	7.5	0.66	3.62	21	18.9	0.09	653
57	Bud break	0.45	0.38	0.35	0.46	9.8	1	12	6.5	0.7	3.66	21	18.9	0.08	583
58	Bud break	0.52	0.38	0.31	0.37	10.3	1	14	7.5	0.71	3.64	22	19.8	0.08	567
59	Bud break	0.54	0.4	0.33	0.54	10.9	1	14	7.5	0.66	3.66	21	18.9	0.09	683
60	Bud break	0.51	0.4	0.28	0.49	10.2	2	14	8	0.69	3.61	22	19.8	0.09	648
61	Bud break	0.49	0.39	0.29	0.33	9.6	2	12	7	0.65	3.61	21	18.9	0.10	719
62	Bud break	0.5	0.48	0.26	0.42	8.5	1	12	6.5	0.66	3.66	21	18.9	0.09	656
63	Bud break	0.56	0.5	0.27	0.39	8.3	2	11	6.5	0.68	3.64	21	18.9	0.09	639
64	Bud break	0.54	0.31	0.3	0.54	8.4	2	11	6.5	0.67	3.63	22	19.8	0.09	659
65	Bud break	0.46	0.46	0.3	0.65	9.9	2	11	6.5	0.66	3.64	22	19.8	0.10	697
66	Bud break	0.53	0.38	0.33	0.56	11.5	1	11	6	0.71	3.66	20	18	0.08	577
67	Bud break	0.51	0.45	0.28	0.49	8.3	2	13	7.5	0.68	3.63	20	18	0.09	648
68	Bud break	0.43	0.47	0.31	0.48	7.7	2	12	7	0.71	3.64	22	19.8	0.08	577
69	Bud break	0.55	0.33	0.31	0.4	7.8	1	12	6.5	0.68	3.67	21	18.9	0.08	607
70	Bud break	0.44	0.39	0.25	0.55	10.2	2	12	7	0.7	3.67	21	18.9	0.09	621
71	Bud break	0.54	0.3	0.35	0.34	9.4	2	13	7.5	0.7	3.66	22	19.8	0.09	622
72	Bud break	0.47	0.36	0.26	0.58	8.3	1	11	6	0.69	3.61	21	18.9	0.08	584
73	Bud break	0.53	0.33	0.28	0.6	9.1	1	13	7	0.69	3.61	21	18.9	0.08	600
74	Bud break	0.54	0.37	0.29	0.52	8.4	2	11	6.5	0.7	3.66	20	18	0.08	600
75	Bud break	0.41	0.37	0.28	0.35	8.2	2	12	7	0.71	3.65	21	18.9	0.08	583
76	Bud break	0.58	0.38	0.3	0.53	10.2	1	12	6.5	0.68	3.63	20	18	0.09	626
77	Bud break	0.41	0.4	0.27	0.33	8.9	2	13	7.5	0.68	3.65	21	18.9	0.09	656
78	Bud break	0.58	0.39	0.28	0.58	8.5	2	12	7	0.69	3.65	21	18.9	0.09	623
79	Bud break	0.59	0.49	0.28	0.5	10.9	2	13	7.5	0.7	3.64	20	18	0.09	629
80	Bud break	0.5	0.4	0.32	0.32	8.1	2	14	8	0.68	3.64	20	18	0.09	645
81	Bud break	0.53	0.41	0.26	0.58	10.5	2	14	8	0.69	3.62	22	19.8	0.09	652
82	Bud break	0.53	0.34	0.35	0.35	9.7	2	12	7	0.71	3.67	22	19.8	0.08	595
83	Bud break	0.5	0.45	0.27	0.39	8.6	2	13	7.5	0.68	3.63	22	19.8	0.09	649
84	Bud break	0.45	0.3	0.25	0.52	8.6	2	13	7.5	0.69	3.65	20	18	0.09	629
85	Bud break	0.47	0.4	0.29	0.47	10.1	2	13	7.5	0.69	3.64	21	18.9	0.09	646
86	Bud break	0.56	0.5	0.29	0.49	9.0	1	13	7	0.69	3.64	22	19.8	0.08	597
87	Bud break	0.56	0.34	0.34	0.46	10.6	1	14	7.5	0.71	3.67	20	18	0.08	576
88	Bud break	0.46	0.33	0.28	0.6	7.8	2	11	6.5	0.65	3.65	22	19.8	0.10	693
89	Bud break	0.6	0.36	0.34	0.39	8.8	2	12	7	0.68	3.66	22	19.8	0.09	650
90	Bud break	0.57	0.36	0.25	0.3	8.9	2	12	7	0.69	3.62	20	18	0.09	626
91	Bud break	0.47	0.48	0.29	0.6	10.1	1	14	7.5	0.7	3.67	20	18	0.08	593
92	Bud break	0.52	0.43	0.35	0.48	10.4	2	11	6.5	0.67	3.66	22	19.8	0.09	678
93	Bud break	0.5	0.34	0.34	0.58	10.9	2	13	7.5	0.71	3.63	22	19.8	0.08	610
94	Bud break	0.52	0.39	0.28	0.4	9.7	1	13	7	0.67	3.64	20	18	0.09	646
95	Bud break	0.45	0.44	0.29	0.33	11.0	1	14	7.5	0.68	3.64	22	19.8	0.09	647
96	Bud break	0.57	0.31	0.33	0.41	9.1	1	11	6	0.71	3.62	21	18.9	0.08	557
97	Bud break	0.47	0.36	0.25	0.44	11.3	1	11	6	0.71	3.63	20	18	0.08	576
98	Bud break	0.5	0.31	0.34	0.3	11.0	1	12	6.5	0.65	3.64	20	18	0.10	694
99	Bud break	0.51	0.32	0.32	0.47	9.1	2	14	8	0.7	3.65	22	19.8	0.09	616
100	Bud break	0.53	0.48	0.28	0.32	8.9	1	13	7	0.66	3.66	20	18	0.09	647
101	Bud break	0.55	0.35	0.31	0.44	16.6	5	17	11	0.59	3.69	26	23.4	0.15	1113
102	Bud break	0.6	0.47	0.25	0.56	12.6	2	16	9	0.65	3.84	27	24.3	0.11	774
103	Bud break	0.49	0.37	0.29	0.31	11.9	5	16	10.5	0.61	3.86	25	22.5	0.14	998
104	Bud break	0.45	0.5	0.3	0.58	13.9	5	16	10.5	0.6	3.73	23	20.7	0.14	1041
105	Bud break	0.58	0.34	0.25	0.59	14.4	2	17	9.5	0.65	3.8	26	23.4	0.11	791
106	Bud break	0.54	0.41	0.26	0.47	16.7	5	17	11	0.57	3.73	26	23.4	0.16	1163
107	Bud break	0.48	0.5	0.31	0.51	14.6	4	17	10.5	0.55	3.76	27	24.3	0.16	1149
108	Bud break	0.6	0.36	0.33	0.38	12.1	3	15	9	0.57	3.83	25	22.5	0.14	1005
109	Bud break	0.46	0.39	0.28	0.31	11.7	2	15	8.5	0.55	3.83	27	24.3	0.14	1006
110	Bud break	0.56	0.5	0.3	0.6	13.5	2	14	8	0.59	3.85	26	23.4	0.13	912
111	Bud break	0.57	0.37	0.32	0.4	16.0	5	16	10.5	0.57	3.68	26	23.4	0.16	1134
112	Bud break	0.53	0.49	0.32	0.33	12.5	4	16	10	0.64	3.68	25	22.5	0.12	873
113	Bud break	0.58	0.4	0.27	0.51	14.9	5	15	10	0.6	3.82	21	18.9	0.15	1050
114	Bud break	0.52	0.36	0.33	0.52	12.4	2	16	9	0.63	3.83	26	23.4	0.11	823
115	Bud break	0.42	0.4	0.34	0.35	16.1	5	14	9.5	0.65	3.65	20	18	0.13	917
116	Bud break	0.45	0.32	0.32	0.3	12.6	2	15	8.5	0.58	3.74	23	20.7	0.13	937
117	Bud break	0.51	0.43	0.29	0.44	12.9	2	14	8	0.57	3.8	27	24.3	0.13	951
118	Bud break	0.46	0.48	0.28	0.57	17.6	5	14	9.5	0.65	3.69	20	18	0.13	936
119	Bud break	0.5	0.35	0.25	0.41	15.3	4	14	9	0.62	3.72	20	18	0.13	939
120	Bud break	0.43	0.45	0.33	0.3	17.4	5	14	9.5	0.56	3.72	27	24.3	0.16	1152
121	Bud break	0.55	0.48	0.3	0.42	13.5	2	14	8	0.65	3.78	28	25.2	0.11	774
122	Bud break	0.43	0.32	0.33	0.39	14.8	2	17	9.5	0.61	3.77	22	19.8	0.13	908
123	Bud break	0.46	0.32	0.31	0.54	16.1	2	14	8	0.59	3.8	28	25.2	0.13	940
124	Bud break	0.46	0.4	0.34	0.45	17.3	3	16	9.5	0.6	3.64	28	25.2	0.14	980
125	Bud break	0.58	0.36	0.31	0.52	11.7	4	16	10	0.65	3.68	21	18.9	0.12	839
126	Bud break	0.48	0.41	0.3	0.43	11.6	3	17	10	0.55	3.72	20	18	0.15	1062
127	Bud break	0.54	0.5	0.29	0.37	13.2	3	14	8.5	0.64	3.69	28	25.2	0.11	825
128	Bud break	0.59	0.42	0.29	0.41	15.2	3	17	10	0.65	3.86	26	23.4	0.12	854
129	Bud break	0.46	0.34	0.29	0.37	17.6	5	16	10.5	0.56	3.68	28	25.2	0.16	1181
130	Bud break	0.45	0.46	0.29	0.4	13.5	5	14	9.5	0.55	3.82	26	23.4	0.16	1131
131	Bud break	0.57	0.47	0.28	0.49	16.4	3	17	10	0.65	3.8	24	21.6	0.12	872
132	Bud break	0.58	0.37	0.29	0.53	13.9	3	15	9	0.6	3.83	22	19.8	0.13	948
133	Bud break	0.51	0.36	0.35	0.45	11.9	3	17	10	0.65	3.79	21	18.9	0.11	812
134	Bud break	0.56	0.41	0.35	0.5	13.1	3	17	10	0.58	3.85	24	21.6	0.14	1011
135	Bud break	0.53	0.44	0.33	0.57	16.2	4	16	10	0.62	3.71	27	24.3	0.13	970
136	Bud break	0.49	0.33	0.29	0.59	12.8	3	17	10	0.57	3.68	20	18	0.14	1020
137	Bud break	0.47	0.43	0.32	0.49	12.9	2	16	9	0.62	3.82	25	22.5	0.12	851
138	Bud break	0.51	0.34	0.34	0.55	12.6	4	16	10	0.64	3.84	28	25.2	0.12	890
139	Bud break	0.57	0.32	0.35	0.58	14.9	4	15	9.5	0.58	3.73	28	25.2	0.14	1043
140	Bud break	0.48	0.48	0.3	0.4	11.6	5	14	9.5	0.57	3.71	26	23.4	0.14	1047
141	Bud break	0.51	0.45	0.34	0.33	14.2	4	17	10.5	0.59	3.65	27	24.3	0.14	1029
142	Bud break	0.5	0.36	0.28	0.36	15.4	5	14	9.5	0.64	3.8	24	21.6	0.13	939
143	Bud break	0.51	0.32	0.35	0.5	14.3	4	16	10	0.63	3.7	23	20.7	0.13	931
144	Bud break	0.42	0.32	0.29	0.5	13.4	2	14	8	0.6	3.86	26	23.4	0.12	893
145	Bud break	0.41	0.49	0.25	0.38	14.4	3	16	9.5	0.63	3.68	27	24.3	0.12	875
146	Bud break	0.56	0.34	0.26	0.38	16.5	5	16	10.5	0.55	3.72	26	23.4	0.16	1193
147	Bud break	0.58	0.41	0.32	0.33	12.8	4	17	10.5	0.62	3.65	27	24.3	0.13	937
148	Bud break	0.46	0.36	0.31	0.47	17.0	4	14	9	0.61	3.86	22	19.8	0.14	993
149	Bud break	0.43	0.35	0.34	0.4	17.4	3	17	10	0.6	3.75	27	24.3	0.14	1009
150	Bud break	0.57	0.48	0.35	0.36	12.6	3	14	8.5	0.55	3.85	26	23.4	0.14	1043
151	Bud break	0.55	0.31	0.32	0.53	13.4	3	15	9	0.57	3.74	23	20.7	0.14	1011
152	Bud break	0.54	0.47	0.29	0.44	13.9	3	14	8.5	0.57	3.8	25	22.5	0.14	1006
153	Bud break	0.5	0.43	0.33	0.41	15.7	3	15	9	0.55	3.8	27	24.3	0.15	1082
154	Bud break	0.51	0.44	0.28	0.42	13.3	5	16	10.5	0.6	3.84	22	19.8	0.14	1042
155	Bud break	0.55	0.5	0.25	0.33	16.9	3	17	10	0.64	3.82	24	21.6	0.12	902
156	Bud break	0.51	0.35	0.25	0.44	15.2	4	15	9.5	0.62	3.64	27	24.3	0.13	943
157	Bud break	0.54	0.46	0.31	0.59	12.0	2	17	9.5	0.58	3.81	23	20.7	0.13	950
158	Bud break	0.43	0.44	0.35	0.59	14.7	3	15	9	0.65	3.68	25	22.5	0.11	832
159	Bud break	0.54	0.44	0.28	0.37	12.4	3	14	8.5	0.62	3.82	20	18	0.12	874
160	Bud break	0.6	0.45	0.32	0.55	17.1	5	14	9.5	0.62	3.64	23	20.7	0.14	991
161	Bud break	0.41	0.37	0.33	0.31	13.2	5	15	10	0.61	3.83	21	18.9	0.14	1002
162	Bud break	0.43	0.35	0.31	0.57	15.3	4	16	10	0.57	3.77	24	21.6	0.15	1097
163	Bud break	0.41	0.38	0.27	0.57	16.0	2	15	8.5	0.62	3.78	26	23.4	0.12	878
164	Bud break	0.49	0.34	0.32	0.37	16.4	3	16	9.5	0.55	3.85	21	18.9	0.15	1117
165	Bud break	0.58	0.47	0.34	0.56	17.5	2	16	9	0.55	3.77	25	22.5	0.15	1076
166	Bud break	0.52	0.3	0.3	0.53	17.6	3	14	8.5	0.6	3.8	25	22.5	0.13	976
167	Bud break	0.42	0.46	0.29	0.38	16.9	5	14	9.5	0.57	3.77	24	21.6	0.16	1124
168	Bud break	0.54	0.32	0.25	0.32	16.2	3	15	9	0.62	3.73	26	23.4	0.13	924
169	Bud break	0.4	0.31	0.33	0.3	15.5	3	14	8.5	0.63	3.65	20	18	0.12	874
170	Bud break	0.4	0.34	0.28	0.46	12.5	3	15	9	0.63	3.84	20	18	0.12	865
171	Bud break	0.5	0.38	0.27	0.42	17.6	3	15	9	0.61	3.86	28	25.2	0.13	971
172	Bud break	0.58	0.38	0.35	0.52	15.8	3	16	9.5	0.55	3.77	21	18.9	0.15	1095
173	Bud break	0.53	0.43	0.29	0.34	12.5	5	16	10.5	0.58	3.79	21	18.9	0.15	1077
174	Bud break	0.55	0.4	0.25	0.41	15.9	3	17	10	0.6	3.71	21	18.9	0.14	980
175	Bud break	0.51	0.43	0.3	0.55	14.1	5	15	10	0.58	3.72	21	18.9	0.15	1071
176	Bud break	0.59	0.41	0.3	0.51	12.5	4	17	10.5	0.59	3.79	24	21.6	0.14	1014
177	Bud break	0.49	0.35	0.33	0.38	17.4	5	17	11	0.55	3.7	24	21.6	0.17	1225
178	Bud break	0.41	0.32	0.35	0.57	17.2	3	16	9.5	0.64	3.85	26	23.4	0.13	906
179	Bud break	0.43	0.44	0.27	0.4	14.3	3	14	8.5	0.65	3.83	20	18	0.11	832
180	Bud break	0.5	0.42	0.3	0.56	15.2	2	15	8.5	0.6	3.8	22	19.8	0.13	920
181	Bud break	0.59	0.35	0.32	0.43	12.9	4	14	9	0.64	3.84	26	23.4	0.12	875
182	Bud break	0.5	0.49	0.32	0.38	15.9	2	17	9.5	0.59	3.75	25	22.5	0.13	966
183	Bud break	0.58	0.38	0.25	0.44	16.3	2	16	9	0.63	3.85	24	21.6	0.12	868
184	Bud break	0.46	0.44	0.35	0.36	15.5	3	17	10	0.64	3.65	23	20.7	0.12	870
185	Bud break	0.48	0.37	0.33	0.56	15.2	3	17	10	0.57	3.85	20	18	0.15	1060
186	Bud break	0.51	0.48	0.29	0.45	13.8	5	16	10.5	0.56	3.66	27	24.3	0.16	1129
187	Bud break	0.58	0.32	0.35	0.53	14.3	5	15	10	0.61	3.85	27	24.3	0.14	1012
188	Bud break	0.44	0.31	0.35	0.55	14.3	5	17	11	0.61	3.69	20	18	0.14	1027
189	Bud break	0.46	0.4	0.29	0.48	14.5	3	17	10	0.6	3.85	20	18	0.14	979
190	Bud break	0.49	0.33	0.27	0.54	11.8	4	15	9.5	0.58	3.82	21	18.9	0.14	1011
191	Bud break	0.47	0.42	0.25	0.46	16.5	5	16	10.5	0.59	3.76	23	20.7	0.15	1103
192	Bud break	0.46	0.41	0.28	0.43	13.2	3	15	9	0.58	3.85	20	18	0.14	989
193	Bud break	0.43	0.49	0.25	0.48	16.1	5	15	10	0.56	3.68	28	25.2	0.16	1137
194	Bud break	0.49	0.36	0.33	0.6	17.5	5	17	11	0.62	3.83	27	24.3	0.15	1055
195	Bud break	0.42	0.41	0.29	0.6	14.8	3	17	10	0.57	3.64	27	24.3	0.14	1030
196	Bud break	0.54	0.4	0.33	0.49	16.8	5	17	11	0.63	3.85	20	18	0.14	1025
197	Bud break	0.52	0.42	0.31	0.52	16.7	3	16	9.5	0.64	3.68	23	20.7	0.12	875
198	Bud break	0.48	0.32	0.32	0.34	13.7	5	17	11	0.56	3.83	22	19.8	0.16	1166
199	Bud break	0.42	0.39	0.34	0.3	14.3	5	14	9.5	0.58	3.69	25	22.5	0.15	1052
200	Bud break	0.58	0.45	0.28	0.59	12.2	5	17	11	0.62	3.64	24	21.6	0.13	975
201	Bud break	0.54	0.3	0.28	0.45	14.0	3	14	8.5	0.63	3.83	24	21.6	0.12	865
202	Bud break	0.43	0.49	0.3	0.47	12.5	4	17	10.5	0.56	3.76	23	20.7	0.15	1093
203	Bud break	0.42	0.39	0.35	0.53	17.5	5	15	10	0.56	3.83	22	19.8	0.16	1180
204	Bud break	0.49	0.38	0.26	0.56	13.4	4	14	9	0.57	3.67	27	24.3	0.14	1030
205	Bud break	0.56	0.49	0.29	0.41	15.7	3	15	9	0.57	3.7	23	20.7	0.14	1027
206	Bud break	0.57	0.34	0.34	0.42	15.7	3	17	10	0.62	3.72	21	18.9	0.13	925
207	Bud break	0.4	0.32	0.34	0.5	13.3	5	16	10.5	0.6	3.75	25	22.5	0.14	1043
208	Bud break	0.44	0.31	0.33	0.42	11.8	2	14	8	0.65	3.67	21	18.9	0.10	744
209	Bud break	0.58	0.39	0.26	0.52	13.0	5	16	10.5	0.59	3.74	24	21.6	0.15	1060
210	Bud break	0.55	0.35	0.3	0.55	16.2	3	14	8.5	0.63	3.73	21	18.9	0.12	884
211	Bud break	0.54	0.33	0.33	0.6	15.0	5	15	10	0.63	3.68	23	20.7	0.13	957
212	Bud break	0.44	0.34	0.3	0.59	12.1	4	17	10.5	0.59	3.85	20	18	0.14	1023
213	Bud break	0.53	0.43	0.3	0.38	17.5	3	16	9.5	0.55	3.72	22	19.8	0.15	1119
214	Bud break	0.54	0.5	0.3	0.54	13.0	3	14	8.5	0.64	3.7	27	24.3	0.11	825
215	Bud break	0.41	0.36	0.35	0.58	17.6	4	15	9.5	0.59	3.76	27	24.3	0.15	1052
216	Bud break	0.55	0.4	0.29	0.55	11.9	4	16	10	0.62	3.71	23	20.7	0.13	914
217	Bud break	0.41	0.3	0.3	0.33	17.3	5	17	11	0.64	3.71	27	24.3	0.14	995
218	Bud break	0.44	0.33	0.25	0.34	16.7	4	14	9	0.62	3.69	25	22.5	0.13	952
219	Bud break	0.46	0.5	0.32	0.49	16.4	4	15	9.5	0.59	3.82	21	18.9	0.14	1043
220	Bud break	0.49	0.39	0.29	0.58	13.3	4	16	10	0.61	3.76	24	21.6	0.13	965
221	Bud break	0.57	0.43	0.25	0.51	13.5	5	15	10	0.64	3.74	20	18	0.13	927
222	Bud break	0.4	0.38	0.27	0.57	15.7	3	15	9	0.61	3.7	27	24.3	0.13	935
223	Bud break	0.55	0.47	0.31	0.43	11.9	4	15	9.5	0.61	3.72	21	18.9	0.13	942
224	Bud break	0.48	0.35	0.27	0.55	11.8	2	14	8	0.64	3.73	20	18	0.11	777
225	Bud break	0.49	0.47	0.29	0.48	12.2	4	14	9	0.63	3.81	20	18	0.12	890
226	Bud break	0.54	0.47	0.26	0.55	13.4	3	15	9	0.55	3.84	28	25.2	0.15	1062
227	Bud break	0.55	0.39	0.28	0.47	15.4	4	16	10	0.65	3.84	23	20.7	0.12	899
228	Bud break	0.53	0.39	0.27	0.47	14.3	4	15	9.5	0.65	3.83	26	23.4	0.12	877
229	Bud break	0.55	0.33	0.25	0.39	17.2	3	16	9.5	0.57	3.78	22	19.8	0.15	1069
230	Bud break	0.55	0.44	0.27	0.43	16.2	5	14	9.5	0.57	3.77	28	25.2	0.15	1112
231	Bud break	0.46	0.41	0.29	0.59	17.6	3	16	9.5	0.65	3.79	25	22.5	0.12	873
232	Bud break	0.42	0.43	0.32	0.55	15.6	4	17	10.5	0.6	3.73	20	18	0.14	1033
233	Bud break	0.45	0.32	0.34	0.45	11.6	2	15	8.5	0.56	3.65	20	18	0.13	953
234	Bud break	0.48	0.33	0.28	0.33	17.2	4	17	10.5	0.64	3.69	23	20.7	0.13	944
235	Bud break	0.42	0.31	0.29	0.56	14.1	2	16	9	0.55	3.86	26	23.4	0.14	1047
236	Bud break	0.54	0.35	0.26	0.59	12.6	2	15	8.5	0.62	3.75	22	19.8	0.12	839
237	Bud break	0.48	0.5	0.34	0.34	13.6	2	16	9	0.64	3.69	24	21.6	0.11	802
238	Bud break	0.41	0.43	0.3	0.34	16.9	4	15	9.5	0.62	3.77	21	18.9	0.13	972
239	Bud break	0.49	0.38	0.25	0.43	16.6	5	15	10	0.55	3.71	26	23.4	0.16	1176
240	Bud break	0.59	0.33	0.27	0.36	14.5	3	17	10	0.6	3.82	28	25.2	0.14	980
241	Bud break	0.6	0.39	0.35	0.35	16.2	3	14	8.5	0.64	3.75	22	19.8	0.12	865
242	Bud break	0.56	0.44	0.3	0.57	17.5	2	17	9.5	0.63	3.71	24	21.6	0.12	878
243	Bud break	0.49	0.49	0.27	0.44	16.9	5	14	9.5	0.63	3.68	23	20.7	0.13	969
244	Bud break	0.42	0.39	0.26	0.3	12.0	3	17	10	0.63	3.73	28	25.2	0.12	860
245	Bud break	0.52	0.49	0.26	0.34	14.7	4	15	9.5	0.65	3.72	24	21.6	0.12	875
246	Bud break	0.58	0.41	0.27	0.5	13.0	3	15	9	0.57	3.69	27	24.3	0.14	999
247	Bud break	0.58	0.3	0.33	0.49	17.6	3	15	9	0.6	3.64	25	22.5	0.13	977
248	Bud break	0.5	0.34	0.26	0.6	15.0	4	14	9	0.59	3.75	28	25.2	0.14	1010
249	Bud break	0.56	0.32	0.26	0.55	14.4	4	14	9	0.62	3.78	25	22.5	0.13	934
250	Bud break	0.59	0.31	0.3	0.31	16.4	4	15	9.5	0.56	3.81	23	20.7	0.15	1115
251	Bud break	0.5	0.39	0.28	0.46	17.4	4	16	10	0.64	3.65	28	25.2	0.13	929
252	Bud break	0.53	0.49	0.35	0.47	13.0	4	17	10.5	0.59	3.8	28	25.2	0.14	1026
253	Bud break	0.54	0.43	0.3	0.42	17.4	4	16	10	0.63	3.86	22	19.8	0.13	971
254	Bud break	0.56	0.46	0.28	0.4	17.0	4	17	10.5	0.65	3.86	24	21.6	0.13	933
255	Bud break	0.5	0.3	0.27	0.49	13.0	3	14	8.5	0.59	3.78	23	20.7	0.13	942
256	Bud break	0.58	0.47	0.28	0.53	13.1	4	17	10.5	0.62	3.86	22	19.8	0.13	957
257	Bud break	0.6	0.3	0.3	0.46	12.7	3	16	9.5	0.64	3.7	28	25.2	0.12	835
258	Bud break	0.59	0.39	0.28	0.45	15.7	3	17	10	0.58	3.79	22	19.8	0.14	1034
259	Bud break	0.5	0.42	0.26	0.39	11.8	4	17	10.5	0.63	3.78	28	25.2	0.13	906
260	Bud break	0.46	0.45	0.27	0.53	16.0	3	17	10	0.56	3.71	26	23.4	0.15	1078
261	Bud break	0.49	0.44	0.33	0.51	13.3	5	17	11	0.65	3.84	23	20.7	0.13	922
262	Bud break	0.48	0.47	0.32	0.4	13.9	4	17	10.5	0.58	3.82	25	22.5	0.15	1065
263	Bud break	0.47	0.49	0.25	0.35	13.1	5	15	10	0.6	3.75	22	19.8	0.14	1018
264	Bud break	0.42	0.42	0.29	0.35	13.1	2	17	9.5	0.57	3.68	21	18.9	0.13	976
265	Bud break	0.57	0.3	0.29	0.58	15.7	2	16	9	0.57	3.67	25	22.5	0.14	993
266	Bud break	0.54	0.32	0.27	0.41	13.9	2	17	9.5	0.65	3.78	28	25.2	0.11	784
267	Bud break	0.57	0.39	0.35	0.39	15.1	5	17	11	0.6	3.68	20	18	0.15	1071
268	Bud break	0.52	0.44	0.35	0.54	15.6	2	14	8	0.55	3.85	27	24.3	0.14	1034
269	Bud break	0.4	0.42	0.27	0.44	17.2	3	14	8.5	0.65	3.76	26	23.4	0.12	858
270	Bud break	0.43	0.41	0.35	0.6	11.7	2	15	8.5	0.61	3.74	23	20.7	0.12	852
271	Bud break	0.43	0.44	0.27	0.43	12.9	4	14	9	0.65	3.84	21	18.9	0.12	851
272	Bud break	0.54	0.42	0.32	0.52	15.6	5	14	9.5	0.56	3.8	25	22.5	0.16	1133
273	Bud break	0.54	0.44	0.27	0.49	11.8	5	14	9.5	0.64	3.68	21	18.9	0.12	883
274	Bud break	0.56	0.38	0.31	0.54	13.2	4	17	10.5	0.64	3.84	22	19.8	0.12	898
275	Bud break	0.56	0.43	0.25	0.5	13.8	5	17	11	0.58	3.7	28	25.2	0.15	1107
276	Bud break	0.54	0.47	0.27	0.57	13.8	2	15	8.5	0.62	3.69	20	18	0.12	846
277	Bud break	0.44	0.3	0.26	0.37	15.7	2	17	9.5	0.58	3.67	24	21.6	0.14	979
278	Bud break	0.49	0.43	0.26	0.37	13.3	5	14	9.5	0.57	3.73	23	20.7	0.15	1076
279	Bud break	0.55	0.33	0.28	0.44	15.1	3	15	9	0.61	3.67	24	21.6	0.13	930
280	Bud break	0.52	0.5	0.35	0.57	15.3	3	14	8.5	0.63	3.71	20	18	0.12	859
281	Flowering	0.44	0.46	0.33	0.45	20.4	6	20	13	0.56	3.72	32	28.8	0.18	1329
282	Flowering	0.51	0.31	0.3	0.37	17.9	6	19	12.5	0.56	3.74	34	30.6	0.18	1275
283	Flowering	0.53	0.3	0.25	0.6	20.4	8	19	13.5	0.56	3.86	33	29.7	0.20	1436
284	Flowering	0.44	0.44	0.35	0.32	21.0	7	19	13	0.55	3.86	32	28.8	0.20	1420
285	Flowering	0.59	0.41	0.25	0.32	21.0	8	18	13	0.56	3.8	32	28.8	0.20	1416
286	Flowering	0.42	0.47	0.32	0.45	18.4	7	18	12.5	0.56	3.87	29	26.1	0.18	1332
287	Flowering	0.53	0.49	0.29	0.47	20.2	8	19	13.5	0.55	3.77	34	30.6	0.20	1455
288	Flowering	0.41	0.48	0.25	0.35	19.2	6	18	12	0.55	3.92	30	27	0.18	1327
289	Flowering	0.41	0.49	0.31	0.37	18.4	8	18	13	0.55	3.7	29	26.1	0.19	1396
290	Flowering	0.47	0.33	0.27	0.38	20.2	5	19	12	0.56	3.72	32	28.8	0.17	1253
291	Flowering	0.53	0.37	0.25	0.32	17.7	8	18	13	0.55	3.9	30	27	0.20	1417
292	Flowering	0.5	0.42	0.31	0.53	17.8	6	17	11.5	0.55	3.75	30	27	0.18	1271
293	Flowering	0.52	0.42	0.28	0.43	19.8	7	18	12.5	0.56	3.88	30	27	0.19	1363
294	Flowering	0.53	0.46	0.32	0.36	20.4	6	17	11.5	0.56	3.9	29	26.1	0.18	1292
295	Flowering	0.49	0.45	0.35	0.46	18.7	8	19	13.5	0.55	3.68	31	27.9	0.20	1414
296	Flowering	0.48	0.4	0.35	0.33	19.0	6	20	13	0.55	3.67	33	29.7	0.18	1326
297	Flowering	0.56	0.32	0.25	0.45	19.1	7	20	13.5	0.56	3.64	32	28.8	0.19	1357
298	Flowering	0.46	0.38	0.28	0.38	21.1	6	18	12	0.56	3.8	34	30.6	0.18	1311
299	Flowering	0.55	0.44	0.33	0.38	21.1	7	19	13	0.55	3.78	32	28.8	0.20	1413
300	Flowering	0.57	0.43	0.28	0.35	19.9	5	20	12.5	0.56	3.89	31	27.9	0.18	1281
301	Flowering	0.45	0.33	0.29	0.37	18.2	7	20	13.5	0.56	3.68	30	27	0.19	1344
302	Flowering	0.54	0.48	0.26	0.41	20.4	8	18	13	0.56	3.66	32	28.8	0.19	1391
303	Flowering	0.49	0.34	0.25	0.35	21.1	5	19	12	0.55	3.63	34	30.6	0.18	1292
304	Flowering	0.53	0.45	0.26	0.38	20.8	5	17	11	0.55	3.84	29	26.1	0.17	1265
305	Flowering	0.41	0.33	0.35	0.58	20.5	8	19	13.5	0.56	3.83	33	29.7	0.20	1431
306	Flowering	0.42	0.34	0.29	0.52	20.0	8	19	13.5	0.55	3.71	31	27.9	0.20	1450
307	Flowering	0.6	0.39	0.3	0.39	19.7	5	17	11	0.56	3.64	34	30.6	0.17	1204
308	Flowering	0.49	0.41	0.3	0.4	20.9	7	19	13	0.56	3.86	29	26.1	0.19	1389
309	Flowering	0.56	0.32	0.31	0.42	19.1	7	19	13	0.56	3.75	30	27	0.19	1357
310	Flowering	0.6	0.48	0.31	0.38	19.3	5	18	11.5	0.55	3.61	30	27	0.17	1244
311	Flowering	0.6	0.45	0.25	0.37	19.3	7	17	12	0.55	3.83	31	27.9	0.19	1358
312	Flowering	0.47	0.38	0.28	0.34	18.9	5	17	11	0.55	3.69	33	29.7	0.17	1226
313	Flowering	0.57	0.44	0.26	0.4	18.0	6	20	13	0.56	3.92	31	27.9	0.18	1315
314	Flowering	0.59	0.44	0.3	0.31	18.8	8	19	13.5	0.56	3.9	32	28.8	0.20	1421
315	Flowering	0.55	0.3	0.27	0.42	20.4	7	18	12.5	0.56	3.86	32	28.8	0.19	1367
316	Flowering	0.48	0.39	0.33	0.31	18.8	7	17	12	0.56	3.7	33	29.7	0.18	1300
317	Flowering	0.6	0.47	0.25	0.52	20.9	8	17	12.5	0.56	3.85	34	30.6	0.19	1401
318	Flowering	0.4	0.39	0.29	0.55	19.2	7	17	12	0.56	3.8	30	27	0.18	1316
319	Flowering	0.49	0.41	0.34	0.46	21.0	7	19	13	0.55	3.85	31	27.9	0.20	1421
320	Flowering	0.43	0.49	0.27	0.41	20.5	7	18	12.5	0.56	3.66	29	26.1	0.19	1340
321	Flowering	0.49	0.5	0.25	0.38	17.7	8	17	12.5	0.55	3.66	29	26.1	0.19	1355
322	Flowering	0.44	0.48	0.29	0.55	18.4	5	20	12.5	0.55	3.69	30	27	0.18	1267
323	Flowering	0.53	0.3	0.31	0.39	18.5	7	19	13	0.55	3.65	31	27.9	0.19	1357
324	Flowering	0.44	0.3	0.34	0.43	19.5	7	18	12.5	0.55	3.71	34	30.6	0.19	1360
325	Flowering	0.45	0.3	0.29	0.38	20.0	6	19	12.5	0.55	3.82	29	26.1	0.19	1339
326	Flowering	0.52	0.45	0.31	0.41	19.7	8	20	14	0.56	3.63	33	29.7	0.20	1417
327	Flowering	0.45	0.47	0.35	0.32	19.0	5	20	12.5	0.56	3.72	29	26.1	0.17	1259
328	Flowering	0.48	0.47	0.34	0.5	18.2	5	18	11.5	0.55	3.59	30	27	0.17	1224
329	Flowering	0.5	0.5	0.31	0.34	19.2	7	18	12.5	0.56	3.63	29	26.1	0.18	1318
330	Flowering	0.59	0.38	0.33	0.46	19.9	5	20	12.5	0.56	3.78	30	27	0.18	1274
331	Flowering	0.53	0.36	0.31	0.59	18.1	6	19	12.5	0.56	3.92	31	27.9	0.18	1303
332	Flowering	0.46	0.46	0.27	0.35	19.6	7	19	13	0.55	3.85	31	27.9	0.19	1396
333	Flowering	0.54	0.35	0.31	0.39	18.5	8	19	13.5	0.56	3.73	34	30.6	0.19	1384
334	Flowering	0.46	0.48	0.35	0.31	21.2	8	20	14	0.56	3.62	31	27.9	0.20	1440
335	Flowering	0.49	0.36	0.33	0.41	19.9	7	17	12	0.55	3.64	30	27	0.19	1341
336	Flowering	0.46	0.43	0.29	0.38	20.3	5	17	11	0.56	3.91	34	30.6	0.17	1241
337	Flowering	0.43	0.46	0.26	0.42	20.8	7	20	13.5	0.55	3.81	33	29.7	0.20	1441
338	Flowering	0.41	0.43	0.32	0.37	20.0	5	17	11	0.55	3.62	33	29.7	0.17	1239
339	Flowering	0.59	0.36	0.35	0.41	18.8	6	17	11.5	0.55	3.76	32	28.8	0.18	1290
340	Flowering	0.49	0.35	0.25	0.4	18.1	6	17	11.5	0.55	3.85	33	29.7	0.18	1283
341	Flowering	0.42	0.42	0.28	0.6	19.1	8	19	13.5	0.55	3.91	29	26.1	0.20	1456
342	Flowering	0.42	0.49	0.28	0.49	21.1	7	18	12.5	0.56	3.75	30	27	0.19	1362
343	Flowering	0.41	0.49	0.25	0.3	19.8	7	17	12	0.55	3.75	31	27.9	0.19	1345
344	Flowering	0.56	0.39	0.31	0.38	19.7	6	20	13	0.56	3.87	33	29.7	0.19	1339
345	Flowering	0.41	0.3	0.33	0.56	18.1	5	20	12.5	0.55	3.84	34	30.6	0.18	1285
346	Flowering	0.4	0.44	0.3	0.5	19.7	6	19	12.5	0.55	3.62	29	26.1	0.18	1315
347	Flowering	0.49	0.3	0.28	0.44	18.9	8	18	13	0.56	3.75	32	28.8	0.19	1382
348	Flowering	0.44	0.39	0.33	0.37	19.6	5	19	12	0.56	3.58	30	27	0.17	1233
349	Flowering	0.42	0.35	0.25	0.51	18.2	6	18	12	0.55	3.68	31	27.9	0.18	1278
350	Flowering	0.52	0.47	0.32	0.5	18.8	8	20	14	0.56	3.84	29	26.1	0.20	1442
351	Flowering	0.49	0.5	0.35	0.32	19.3	5	17	11	0.56	3.85	32	28.8	0.17	1227
352	Flowering	0.59	0.34	0.35	0.54	17.8	5	20	12.5	0.55	3.67	32	28.8	0.17	1254
353	Flowering	0.6	0.5	0.26	0.49	19.1	8	19	13.5	0.55	3.82	31	27.9	0.20	1440
354	Flowering	0.41	0.4	0.27	0.3	19.8	8	18	13	0.56	3.67	32	28.8	0.19	1387
355	Flowering	0.42	0.35	0.3	0.42	20.1	6	17	11.5	0.55	3.86	29	26.1	0.18	1307
356	Flowering	0.56	0.32	0.26	0.59	19.3	8	20	14	0.55	3.83	32	28.8	0.20	1466
357	Flowering	0.48	0.4	0.28	0.58	20.9	6	20	13	0.56	3.69	29	26.1	0.18	1335
358	Flowering	0.56	0.43	0.34	0.6	18.5	5	19	12	0.55	3.68	34	30.6	0.17	1259
359	Flowering	0.47	0.4	0.28	0.56	17.8	5	19	12	0.55	3.84	32	28.8	0.17	1266
360	Flowering	0.5	0.3	0.34	0.4	18.2	6	19	12.5	0.55	3.81	31	27.9	0.18	1326
361	Flowering	0.41	0.3	0.26	0.42	18.0	5	18	11.5	0.55	3.58	31	27.9	0.17	1216
362	Flowering	0.52	0.37	0.33	0.54	20.9	8	19	13.5	0.56	3.76	30	27	0.20	1427
363	Flowering	0.43	0.33	0.35	0.35	19.3	7	20	13.5	0.55	3.67	30	27	0.19	1389
364	Flowering	0.48	0.34	0.32	0.51	20.3	8	18	13	0.55	3.62	30	27	0.19	1409
365	Flowering	0.5	0.41	0.31	0.46	19.3	8	17	12.5	0.55	3.87	30	27	0.19	1409
366	Flowering	0.45	0.43	0.27	0.52	20.7	6	18	12	0.56	3.79	32	28.8	0.18	1310
367	Flowering	0.56	0.48	0.3	0.46	20.8	7	17	12	0.55	3.6	31	27.9	0.19	1343
368	Flowering	0.42	0.3	0.3	0.42	19.0	5	19	12	0.55	3.74	33	29.7	0.18	1268
369	Flowering	0.6	0.38	0.3	0.59	21.0	6	20	13	0.55	3.8	29	26.1	0.19	1380
370	Flowering	0.6	0.31	0.29	0.38	19.4	5	19	12	0.55	3.67	32	28.8	0.17	1258
371	Flowering	0.5	0.43	0.27	0.43	20.8	8	20	14	0.56	3.63	34	30.6	0.20	1433
372	Flowering	0.53	0.41	0.27	0.3	19.6	8	17	12.5	0.55	3.79	31	27.9	0.19	1400
373	Flowering	0.54	0.35	0.34	0.33	18.5	7	18	12.5	0.55	3.88	30	27	0.19	1374
374	Flowering	0.53	0.36	0.31	0.39	18.4	6	17	11.5	0.56	3.92	32	28.8	0.18	1280
375	Flowering	0.56	0.37	0.25	0.4	18.9	5	17	11	0.55	3.87	30	27	0.17	1255
376	Flowering	0.5	0.31	0.34	0.3	21.0	6	17	11.5	0.55	3.83	33	29.7	0.18	1323
377	Flowering	0.49	0.46	0.28	0.43	20.7	6	19	12.5	0.56	3.61	33	29.7	0.18	1300
378	Flowering	0.5	0.4	0.31	0.34	19.9	8	18	13	0.55	3.66	32	28.8	0.20	1411
379	Flowering	0.53	0.45	0.29	0.3	19.6	7	17	12	0.55	3.84	33	29.7	0.19	1358
380	Flowering	0.53	0.38	0.31	0.56	18.2	7	17	12	0.55	3.69	33	29.7	0.18	1317
381	Flowering	0.45	0.48	0.26	0.33	20.5	6	19	12.5	0.56	3.59	30	27	0.18	1306
382	Flowering	0.43	0.33	0.28	0.4	17.8	5	17	11	0.55	3.66	34	30.6	0.17	1203
383	Flowering	0.44	0.48	0.26	0.35	21.2	8	20	14	0.56	3.65	31	27.9	0.20	1440
384	Flowering	0.46	0.43	0.32	0.5	18.1	7	19	13	0.55	3.59	30	27	0.19	1343
385	Flowering	0.47	0.4	0.32	0.36	19.4	7	18	12.5	0.56	3.76	33	29.7	0.19	1340
386	Flowering	0.51	0.4	0.26	0.32	19.0	7	17	12	0.55	3.92	30	27	0.19	1358
387	Flowering	0.47	0.49	0.26	0.6	20.7	6	19	12.5	0.55	3.88	33	29.7	0.19	1358
388	Flowering	0.5	0.31	0.35	0.57	18.5	8	20	14	0.55	3.67	31	27.9	0.20	1434
389	Flowering	0.49	0.42	0.25	0.53	18.9	6	19	12.5	0.56	3.71	32	28.8	0.18	1291
390	Flowering	0.57	0.4	0.31	0.55	20.9	6	19	12.5	0.56	3.76	34	30.6	0.18	1325
391	Flowering	0.52	0.32	0.35	0.49	17.7	5	20	12.5	0.56	3.6	31	27.9	0.17	1226
392	Flowering	0.58	0.5	0.32	0.55	17.7	6	17	11.5	0.55	3.83	32	28.8	0.18	1284
393	Flowering	0.52	0.46	0.3	0.41	18.2	6	17	11.5	0.56	3.87	33	29.7	0.18	1267
394	Flowering	0.5	0.43	0.32	0.41	20.5	6	18	12	0.56	3.71	33	29.7	0.18	1292
395	Flowering	0.57	0.47	0.29	0.41	20.7	6	20	13	0.56	3.89	29	26.1	0.19	1359
396	Flowering	0.41	0.45	0.3	0.38	18.5	6	18	12	0.56	3.81	30	27	0.18	1287
397	Flowering	0.6	0.45	0.35	0.6	17.8	5	17	11	0.56	3.86	30	27	0.17	1206
398	Flowering	0.56	0.38	0.27	0.31	18.0	6	20	13	0.56	3.86	29	26.1	0.18	1307
399	Flowering	0.57	0.3	0.29	0.38	19.0	7	20	13.5	0.55	3.79	32	28.8	0.19	1404
400	Flowering	0.57	0.47	0.25	0.57	20.7	5	20	12.5	0.55	3.87	33	29.7	0.18	1331
401	Flowering	0.56	0.37	0.34	0.46	18.4	5	18	11.5	0.56	3.89	29	26.1	0.17	1239
402	Flowering	0.48	0.41	0.28	0.33	19.0	5	19	12	0.56	3.89	33	29.7	0.17	1260
403	Flowering	0.45	0.44	0.28	0.55	19.0	5	20	12.5	0.56	3.85	34	30.6	0.17	1265
404	Flowering	0.59	0.31	0.33	0.52	19.9	7	20	13.5	0.55	3.75	29	26.1	0.19	1411
405	Flowering	0.5	0.32	0.32	0.41	18.8	5	20	12.5	0.55	3.84	31	27.9	0.18	1297
406	Flowering	0.44	0.31	0.28	0.39	19.2	7	17	12	0.56	3.92	31	27.9	0.18	1338
407	Flowering	0.58	0.37	0.3	0.4	18.5	5	18	11.5	0.55	3.9	32	28.8	0.17	1266
408	Flowering	0.44	0.34	0.35	0.38	19.4	7	18	12.5	0.55	3.62	29	26.1	0.19	1348
409	Flowering	0.41	0.33	0.33	0.6	19.3	5	19	12	0.55	3.71	32	28.8	0.18	1268
410	Flowering	0.6	0.37	0.31	0.49	21.1	7	19	13	0.56	3.68	29	26.1	0.19	1377
411	Flowering	0.4	0.43	0.35	0.58	18.7	6	17	11.5	0.55	3.88	31	27.9	0.18	1302
412	Flowering	0.55	0.32	0.25	0.45	18.2	7	17	12	0.55	3.78	29	26.1	0.18	1321
413	Flowering	0.49	0.4	0.28	0.42	18.7	8	20	14	0.55	3.77	34	30.6	0.20	1442
414	Flowering	0.54	0.39	0.31	0.38	20.4	8	20	14	0.55	3.8	30	27	0.20	1482
415	Flowering	0.46	0.41	0.29	0.41	20.2	5	20	12.5	0.55	3.69	30	27	0.18	1293
416	Flowering	0.45	0.45	0.3	0.56	19.2	6	20	13	0.56	3.79	31	27.9	0.18	1319
417	Flowering	0.6	0.49	0.26	0.5	18.7	7	19	13	0.56	3.72	30	27	0.19	1347
418	Flowering	0.54	0.32	0.33	0.52	19.7	5	18	11.5	0.55	3.72	32	28.8	0.17	1260
419	Flowering	0.53	0.42	0.27	0.3	21.0	6	19	12.5	0.55	3.88	30	27	0.19	1369
420	Flowering	0.57	0.5	0.34	0.36	19.6	6	19	12.5	0.56	3.66	34	30.6	0.18	1299
421	Flowering	0.44	0.44	0.31	0.49	18.0	5	18	11.5	0.56	3.73	34	30.6	0.17	1208
422	Flowering	0.57	0.38	0.32	0.45	18.0	8	19	13.5	0.55	3.9	30	27	0.20	1437
423	Flowering	0.45	0.47	0.33	0.52	18.1	8	17	12.5	0.55	3.71	32	28.8	0.19	1364
424	Flowering	0.5	0.36	0.27	0.49	18.4	8	18	13	0.56	3.61	32	28.8	0.19	1352
425	Flowering	0.5	0.39	0.25	0.6	19.0	5	20	12.5	0.56	3.78	32	28.8	0.17	1264
426	Flowering	0.54	0.45	0.27	0.32	18.3	5	19	12	0.56	3.81	33	29.7	0.17	1246
427	Flowering	0.4	0.43	0.26	0.6	19.5	5	18	11.5	0.55	3.91	30	27	0.18	1276
428	Flowering	0.57	0.31	0.32	0.46	20.9	8	19	13.5	0.56	3.6	33	29.7	0.19	1407
429	Flowering	0.54	0.38	0.27	0.52	18.3	8	18	13	0.56	3.7	32	28.8	0.19	1359
430	Flowering	0.46	0.48	0.3	0.51	21.1	7	20	13.5	0.55	3.75	30	27	0.20	1429
431	Flowering	0.51	0.32	0.25	0.55	20.3	5	20	12.5	0.55	3.67	31	27.9	0.18	1303
432	Flowering	0.43	0.4	0.34	0.32	17.9	5	17	11	0.56	3.67	32	28.8	0.16	1189
433	Flowering	0.45	0.44	0.26	0.49	19.1	6	18	12	0.56	3.87	32	28.8	0.18	1291
434	Flowering	0.47	0.37	0.26	0.3	20.7	7	20	13.5	0.55	3.72	29	26.1	0.20	1422
435	Flowering	0.53	0.36	0.32	0.59	21.0	7	17	12	0.55	3.73	31	27.9	0.19	1364
436	Flowering	0.47	0.38	0.25	0.53	20.4	7	17	12	0.55	3.6	30	27	0.18	1332
437	Flowering	0.44	0.33	0.31	0.47	20.4	7	19	13	0.55	3.62	29	26.1	0.19	1383
438	Flowering	0.52	0.45	0.35	0.33	21.1	7	17	12	0.55	3.91	30	27	0.19	1388
439	Flowering	0.46	0.3	0.35	0.59	20.3	7	17	12	0.55	3.64	33	29.7	0.18	1336
440	Flowering	0.54	0.36	0.25	0.49	19.3	8	18	13	0.56	3.84	33	29.7	0.19	1392
441	Flowering	0.54	0.39	0.32	0.44	19.8	8	19	13.5	0.55	3.89	33	29.7	0.20	1466
442	Flowering	0.53	0.39	0.26	0.44	21.0	7	17	12	0.55	3.77	32	28.8	0.19	1364
443	Flowering	0.57	0.38	0.31	0.3	18.3	8	18	13	0.55	3.86	32	28.8	0.20	1417
444	Flowering	0.4	0.44	0.32	0.52	20.8	5	19	12	0.55	3.81	30	27	0.18	1303
445	Flowering	0.43	0.35	0.33	0.38	17.9	6	19	12.5	0.55	3.9	29	26.1	0.18	1331
446	Flowering	0.52	0.5	0.29	0.39	20.8	5	19	12	0.55	3.74	30	27	0.18	1295
447	Flowering	0.55	0.33	0.31	0.4	18.2	7	18	12.5	0.56	3.83	30	27	0.18	1332
448	Flowering	0.55	0.42	0.35	0.33	19.8	6	18	12	0.56	3.73	33	29.7	0.18	1291
449	Flowering	0.59	0.45	0.26	0.57	19.2	6	18	12	0.56	3.85	34	30.6	0.18	1289
450	Flowering	0.57	0.35	0.29	0.6	18.5	8	19	13.5	0.56	3.82	30	27	0.19	1407
451	Flowering	0.54	0.4	0.31	0.51	20.5	6	18	12	0.56	3.66	31	27.9	0.18	1291
452	Flowering	0.42	0.37	0.26	0.42	18.0	5	19	12	0.56	3.75	30	27	0.17	1233
453	Flowering	0.42	0.5	0.26	0.5	18.0	5	19	12	0.56	3.66	30	27	0.17	1215
454	Flowering	0.45	0.39	0.26	0.4	21.1	7	19	13	0.56	3.7	30	27	0.19	1382
455	Flowering	0.56	0.3	0.34	0.53	18.8	5	17	11	0.55	3.74	29	26.1	0.17	1238
456	Flowering	0.48	0.34	0.26	0.55	20.6	6	17	11.5	0.55	3.7	31	27.9	0.18	1302
457	Flowering	0.5	0.37	0.32	0.57	18.6	5	20	12.5	0.55	3.74	33	29.7	0.18	1288
458	Flowering	0.55	0.37	0.28	0.34	20.6	5	17	11	0.55	3.76	33	29.7	0.17	1259
459	Flowering	0.55	0.32	0.31	0.47	20.3	8	17	12.5	0.55	3.62	29	26.1	0.19	1378
460	Flowering	0.53	0.3	0.3	0.59	20.2	8	20	14	0.56	3.9	29	26.1	0.20	1440
461	Flowering	0.45	0.31	0.26	0.45	23.4	11	22	16.5	0.56	3.55	29	26.1	0.23	1646
462	Flowering	0.44	0.34	0.3	0.55	22.8	11	24	17.5	0.55	3.54	35	31.5	0.24	1709
463	Flowering	0.6	0.36	0.35	0.3	23.6	11	25	18	0.55	3.4	34	30.6	0.24	1721
464	Flowering	0.59	0.34	0.31	0.54	22.2	10	26	18	0.56	3.37	34	30.6	0.22	1618
465	Flowering	0.58	0.44	0.34	0.54	23.9	10	23	16.5	0.53	3.54	35	31.5	0.24	1725
466	Flowering	0.43	0.43	0.26	0.54	22.4	12	20	16	0.53	3.39	35	31.5	0.23	1697
467	Flowering	0.59	0.45	0.35	0.33	24.5	8	25	16.5	0.56	3.47	31	27.9	0.21	1520
468	Flowering	0.43	0.31	0.3	0.39	22.5	12	24	18	0.55	3.44	33	29.7	0.24	1742
469	Flowering	0.58	0.33	0.32	0.31	23.2	11	26	18.5	0.56	3.58	29	26.1	0.24	1758
470	Flowering	0.44	0.45	0.26	0.54	22.2	9	20	14.5	0.55	3.58	34	30.6	0.21	1501
471	Flowering	0.51	0.34	0.28	0.48	21.8	9	26	17.5	0.53	3.53	35	31.5	0.23	1682
472	Flowering	0.5	0.47	0.34	0.31	24.6	12	20	16	0.53	3.56	32	28.8	0.24	1766
473	Flowering	0.49	0.49	0.32	0.49	23.5	9	25	17	0.53	3.45	34	30.6	0.23	1660
474	Flowering	0.59	0.33	0.27	0.3	22.0	12	26	19	0.56	3.42	30	27	0.24	1758
475	Flowering	0.43	0.48	0.26	0.54	23.5	12	20	16	0.56	3.39	31	27.9	0.23	1636
476	Flowering	0.51	0.42	0.28	0.59	23.7	9	21	15	0.56	3.43	34	30.6	0.21	1495
477	Flowering	0.48	0.3	0.31	0.6	23.2	12	23	17.5	0.53	3.45	29	26.1	0.25	1813
478	Flowering	0.49	0.44	0.28	0.46	23.0	10	23	16.5	0.54	3.36	29	26.1	0.23	1638
479	Flowering	0.56	0.47	0.31	0.38	22.0	10	23	16.5	0.56	3.55	33	29.7	0.22	1582
480	Flowering	0.49	0.33	0.29	0.4	24.1	12	24	18	0.56	3.36	30	27	0.24	1731
481	Flowering	0.46	0.36	0.27	0.5	22.0	12	23	17.5	0.55	3.52	33	29.7	0.24	1738
482	Flowering	0.54	0.36	0.35	0.49	23.5	12	21	16.5	0.53	3.55	34	30.6	0.25	1782
483	Flowering	0.41	0.34	0.26	0.45	24.2	9	23	16	0.53	3.48	34	30.6	0.23	1656
484	Flowering	0.52	0.44	0.35	0.48	22.1	10	22	16	0.54	3.36	33	29.7	0.22	1590
485	Flowering	0.45	0.48	0.34	0.45	23.4	11	25	18	0.56	3.48	31	27.9	0.23	1690
486	Flowering	0.54	0.47	0.3	0.41	21.6	12	26	19	0.56	3.51	31	27.9	0.24	1765
487	Flowering	0.55	0.33	0.34	0.44	21.7	9	24	16.5	0.55	3.4	32	28.8	0.22	1558
488	Flowering	0.55	0.39	0.31	0.32	23.1	11	20	15.5	0.56	3.57	33	29.7	0.22	1584
489	Flowering	0.52	0.33	0.35	0.32	22.5	12	26	19	0.53	3.38	33	29.7	0.26	1854
490	Flowering	0.54	0.45	0.3	0.47	22.6	11	24	17.5	0.54	3.54	29	26.1	0.24	1753
491	Flowering	0.49	0.33	0.31	0.52	22.2	8	24	16	0.56	3.48	32	28.8	0.20	1472
492	Flowering	0.52	0.48	0.31	0.57	22.2	11	24	17.5	0.54	3.56	34	30.6	0.24	1737
493	Flowering	0.4	0.46	0.25	0.6	21.6	12	24	18	0.55	3.58	35	31.5	0.24	1764
494	Flowering	0.5	0.49	0.28	0.6	23.5	11	23	17	0.55	3.41	30	27	0.23	1668
495	Flowering	0.5	0.34	0.25	0.48	21.8	12	26	19	0.54	3.49	32	28.8	0.25	1824
496	Flowering	0.42	0.37	0.34	0.34	23.9	10	26	18	0.56	3.36	33	29.7	0.23	1651
497	Flowering	0.53	0.36	0.31	0.5	24.6	12	20	16	0.55	3.44	34	30.6	0.23	1688
498	Flowering	0.47	0.36	0.35	0.51	24.5	12	20	16	0.55	3.49	31	27.9	0.24	1709
499	Flowering	0.45	0.46	0.26	0.38	22.9	8	20	14	0.55	3.52	35	31.5	0.20	1455
500	Flowering	0.47	0.33	0.28	0.59	22.2	9	24	16.5	0.54	3.45	32	28.8	0.22	1608
501	Flowering	0.49	0.43	0.27	0.54	23.2	8	23	15.5	0.56	3.41	35	31.5	0.20	1466
502	Flowering	0.56	0.45	0.34	0.47	22.4	10	24	17	0.54	3.42	33	29.7	0.23	1661
503	Flowering	0.5	0.32	0.29	0.44	21.4	10	23	16.5	0.54	3.53	30	27	0.23	1646
504	Flowering	0.45	0.46	0.28	0.33	22.6	10	22	16	0.53	3.45	30	27	0.23	1653
505	Flowering	0.45	0.48	0.29	0.38	23.6	11	23	17	0.55	3.54	33	29.7	0.24	1715
506	Flowering	0.56	0.45	0.32	0.52	21.9	10	22	16	0.54	3.41	29	26.1	0.22	1600
507	Flowering	0.55	0.3	0.31	0.53	23.3	10	25	17.5	0.53	3.41	35	31.5	0.24	1741
508	Flowering	0.49	0.3	0.35	0.54	21.7	8	22	15	0.56	3.45	29	26.1	0.20	1424
509	Flowering	0.59	0.32	0.32	0.47	22.4	12	24	18	0.54	3.36	30	27	0.24	1768
510	Flowering	0.41	0.39	0.33	0.53	24.7	10	24	17	0.53	3.51	30	27	0.24	1757
511	Flowering	0.45	0.41	0.27	0.53	22.5	11	21	16	0.54	3.48	30	27	0.23	1661
512	Flowering	0.49	0.39	0.25	0.4	24.8	8	25	16.5	0.56	3.45	33	29.7	0.21	1546
513	Flowering	0.44	0.35	0.29	0.3	22.2	8	21	14.5	0.56	3.45	33	29.7	0.20	1439
514	Flowering	0.48	0.32	0.31	0.42	24.6	8	20	14	0.55	3.42	34	30.6	0.20	1459
515	Flowering	0.45	0.33	0.29	0.43	24.4	11	24	17.5	0.55	3.44	33	29.7	0.24	1742
516	Flowering	0.52	0.5	0.32	0.34	22.9	8	22	15	0.54	3.57	35	31.5	0.21	1531
517	Flowering	0.5	0.42	0.29	0.54	21.9	10	24	17	0.54	3.41	31	27.9	0.23	1654
518	Flowering	0.54	0.36	0.33	0.6	22.3	9	23	16	0.55	3.57	30	27	0.22	1565
519	Flowering	0.41	0.37	0.25	0.59	23.3	10	25	17.5	0.54	3.44	29	26.1	0.23	1688
520	Flowering	0.46	0.48	0.31	0.34	23.7	12	25	18.5	0.53	3.46	34	30.6	0.26	1878
521	Flowering	0.42	0.46	0.3	0.34	22.7	10	23	16.5	0.56	3.55	35	31.5	0.22	1597
522	Flowering	0.42	0.5	0.31	0.46	22.6	9	26	17.5	0.56	3.51	31	27.9	0.22	1588
523	Flowering	0.52	0.49	0.31	0.56	22.8	8	24	16	0.53	3.38	32	28.8	0.22	1558
524	Flowering	0.51	0.45	0.34	0.31	23.5	10	26	18	0.54	3.39	32	28.8	0.24	1721
525	Flowering	0.46	0.31	0.28	0.51	21.8	8	24	16	0.55	3.49	30	27	0.21	1502
526	Flowering	0.47	0.4	0.27	0.57	23.3	8	26	17	0.53	3.46	29	26.1	0.23	1640
527	Flowering	0.41	0.32	0.29	0.53	22.2	8	21	14.5	0.56	3.51	32	28.8	0.20	1417
528	Flowering	0.41	0.37	0.34	0.32	23.4	12	26	19	0.55	3.54	33	29.7	0.25	1843
529	Flowering	0.58	0.38	0.26	0.49	21.9	9	24	16.5	0.54	3.41	32	28.8	0.22	1592
530	Flowering	0.44	0.35	0.32	0.46	22.9	10	22	16	0.55	3.41	30	27	0.22	1599
531	Flowering	0.57	0.32	0.28	0.51	23.7	10	21	15.5	0.54	3.55	35	31.5	0.23	1637
532	Flowering	0.44	0.33	0.33	0.33	23.3	10	23	16.5	0.53	3.55	29	26.1	0.24	1712
533	Flowering	0.53	0.41	0.25	0.45	22.7	11	22	16.5	0.56	3.46	34	30.6	0.22	1618
534	Flowering	0.55	0.48	0.33	0.54	21.7	12	23	17.5	0.54	3.51	34	30.6	0.24	1764
535	Flowering	0.41	0.37	0.31	0.43	21.4	9	24	16.5	0.53	3.41	32	28.8	0.22	1602
536	Flowering	0.42	0.38	0.34	0.4	25.1	12	24	18	0.55	3.46	32	28.8	0.25	1812
537	Flowering	0.46	0.47	0.34	0.6	22.3	8	25	16.5	0.54	3.52	34	30.6	0.21	1552
538	Flowering	0.54	0.43	0.32	0.31	24.7	12	26	19	0.56	3.57	32	28.8	0.25	1835
539	Flowering	0.49	0.36	0.35	0.35	22.4	9	25	17	0.54	3.52	29	26.1	0.22	1625
540	Flowering	0.45	0.47	0.33	0.41	24.6	12	24	18	0.55	3.47	29	26.1	0.25	1784
541	Flowering	0.53	0.44	0.34	0.58	24.4	12	26	19	0.54	3.49	32	28.8	0.26	1892
542	Flowering	0.47	0.44	0.32	0.5	24.5	9	23	16	0.56	3.52	35	31.5	0.22	1570
543	Flowering	0.43	0.45	0.33	0.34	23.8	8	25	16.5	0.56	3.58	35	31.5	0.21	1537
544	Flowering	0.52	0.44	0.29	0.32	22.7	10	23	16.5	0.56	3.41	34	30.6	0.22	1569
545	Flowering	0.48	0.33	0.26	0.4	24.0	10	26	18	0.54	3.53	29	26.1	0.24	1749
546	Flowering	0.48	0.46	0.3	0.38	24.2	12	22	17	0.56	3.49	29	26.1	0.24	1713
547	Flowering	0.58	0.4	0.34	0.57	22.7	10	23	16.5	0.56	3.57	32	28.8	0.22	1591
548	Flowering	0.6	0.33	0.31	0.37	23.6	12	26	19	0.54	3.43	31	27.9	0.26	1874
549	Flowering	0.49	0.31	0.34	0.54	23.6	9	20	14.5	0.54	3.49	29	26.1	0.21	1554
550	Flowering	0.43	0.37	0.26	0.32	24.3	8	22	15	0.56	3.42	29	26.1	0.20	1483
551	Flowering	0.47	0.46	0.31	0.42	23.6	8	21	14.5	0.53	3.44	34	30.6	0.21	1526
552	Flowering	0.46	0.45	0.28	0.37	24.8	11	24	17.5	0.54	3.56	35	31.5	0.25	1799
553	Flowering	0.57	0.47	0.26	0.37	22.7	9	23	16	0.55	3.56	35	31.5	0.22	1585
554	Flowering	0.42	0.5	0.31	0.6	23.9	10	21	15.5	0.54	3.41	34	30.6	0.22	1619
555	Flowering	0.56	0.35	0.35	0.51	23.3	10	22	16	0.56	3.51	30	27	0.22	1590
556	Flowering	0.41	0.41	0.33	0.3	23.1	10	22	16	0.53	3.39	32	28.8	0.23	1654
557	Flowering	0.49	0.41	0.35	0.43	22.9	8	25	16.5	0.55	3.4	33	29.7	0.21	1531
558	Flowering	0.46	0.48	0.35	0.52	24.7	9	22	15.5	0.56	3.42	35	31.5	0.21	1545
559	Flowering	0.5	0.43	0.26	0.38	22.0	8	22	15	0.53	3.56	32	28.8	0.21	1548
560	Flowering	0.54	0.37	0.33	0.58	23.0	11	22	16.5	0.55	3.43	29	26.1	0.23	1656
561	Flowering	0.45	0.39	0.26	0.34	22.5	9	24	16.5	0.55	3.48	35	31.5	0.22	1592
562	Flowering	0.6	0.38	0.25	0.6	23.6	9	20	14.5	0.53	3.47	34	30.6	0.21	1556
563	Flowering	0.4	0.42	0.3	0.55	23.6	12	26	19	0.53	3.36	35	31.5	0.26	1892
564	Flowering	0.57	0.32	0.29	0.53	22.1	8	22	15	0.55	3.36	34	30.6	0.20	1449
565	Flowering	0.6	0.48	0.33	0.36	23.7	12	23	17.5	0.55	3.57	30	27	0.25	1780
566	Flowering	0.48	0.31	0.29	0.32	24.3	11	22	16.5	0.55	3.37	33	29.7	0.23	1681
567	Flowering	0.57	0.45	0.31	0.33	22.3	8	21	14.5	0.54	3.58	31	27.9	0.21	1508
568	Flowering	0.46	0.33	0.26	0.53	22.9	11	21	16	0.53	3.53	34	30.6	0.24	1702
569	Flowering	0.47	0.49	0.25	0.42	24.7	10	25	17.5	0.55	3.52	32	28.8	0.24	1709
570	Flowering	0.51	0.36	0.28	0.45	24.6	10	23	16.5	0.54	3.45	33	29.7	0.23	1687
571	Flowering	0.44	0.44	0.25	0.52	23.2	11	21	16	0.55	3.48	32	28.8	0.23	1659
572	Flowering	0.53	0.42	0.35	0.5	23.4	8	20	14	0.54	3.38	31	27.9	0.20	1468
573	Flowering	0.54	0.35	0.29	0.47	22.4	12	21	16.5	0.55	3.45	35	31.5	0.23	1674
574	Flowering	0.4	0.39	0.34	0.39	21.3	9	25	17	0.53	3.39	34	30.6	0.23	1629
575	Flowering	0.58	0.45	0.27	0.6	22.4	11	21	16	0.54	3.44	33	29.7	0.23	1662
576	Flowering	0.51	0.31	0.25	0.43	22.1	9	21	15	0.53	3.55	30	27	0.22	1581
577	Flowering	0.54	0.4	0.28	0.31	23.5	9	25	17	0.54	3.57	30	27	0.23	1664
578	Flowering	0.49	0.49	0.26	0.48	24.1	12	21	16.5	0.54	3.47	31	27.9	0.24	1746
579	Flowering	0.58	0.3	0.27	0.48	24.9	12	20	16	0.56	3.46	33	29.7	0.23	1670
580	Flowering	0.53	0.41	0.3	0.43	24.3	9	22	15.5	0.53	3.58	31	27.9	0.23	1653
581	Flowering	0.46	0.3	0.26	0.36	23.3	11	21	16	0.55	3.54	30	27	0.23	1652
582	Flowering	0.54	0.39	0.28	0.39	22.2	11	23	17	0.56	3.43	31	27.9	0.23	1629
583	Flowering	0.59	0.5	0.25	0.37	23.0	11	23	17	0.55	3.55	32	28.8	0.23	1699
584	Flowering	0.45	0.47	0.27	0.36	25.1	9	25	17	0.55	3.56	33	29.7	0.23	1662
585	Flowering	0.6	0.49	0.26	0.49	24.9	8	24	16	0.53	3.54	29	26.1	0.23	1637
586	Flowering	0.59	0.45	0.33	0.32	21.5	12	20	16	0.54	3.39	30	27	0.23	1655
587	Flowering	0.5	0.43	0.28	0.31	24.0	10	22	16	0.56	3.48	30	27	0.22	1599
588	Flowering	0.46	0.49	0.3	0.41	23.9	9	22	15.5	0.53	3.58	30	27	0.23	1658
589	Flowering	0.47	0.33	0.31	0.53	22.8	8	20	14	0.53	3.37	34	30.6	0.21	1486
590	Flowering	0.58	0.3	0.27	0.32	21.9	10	23	16.5	0.55	3.47	32	28.8	0.22	1604
591	Flowering	0.41	0.44	0.26	0.49	24.1	8	26	17	0.55	3.53	33	29.7	0.22	1576
592	Flowering	0.58	0.3	0.27	0.4	21.8	12	23	17.5	0.56	3.46	34	30.6	0.23	1696
593	Flowering	0.6	0.35	0.33	0.34	23.7	11	20	15.5	0.53	3.53	33	29.7	0.23	1693
594	Flowering	0.43	0.5	0.3	0.4	25.2	8	25	16.5	0.56	3.42	33	29.7	0.21	1548
595	Flowering	0.5	0.42	0.29	0.31	21.8	8	21	14.5	0.55	3.37	29	26.1	0.20	1425
596	Flowering	0.59	0.4	0.34	0.34	23.9	12	24	18	0.55	3.42	33	29.7	0.24	1769
597	Flowering	0.51	0.41	0.26	0.47	24.3	10	26	18	0.53	3.54	33	29.7	0.25	1786
598	Flowering	0.49	0.38	0.29	0.33	23.9	10	26	18	0.56	3.45	30	27	0.23	1676
599	Flowering	0.48	0.41	0.33	0.39	24.9	8	22	15	0.56	3.47	32	28.8	0.20	1474
600	Flowering	0.52	0.36	0.33	0.51	21.4	12	26	19	0.53	3.43	33	29.7	0.26	1851
601	Flowering	0.42	0.46	0.34	0.45	23.3	12	21	16.5	0.55	3.37	34	30.6	0.23	1667
602	Flowering	0.43	0.42	0.33	0.31	25.0	12	24	18	0.55	3.4	30	27	0.25	1793
603	Flowering	0.47	0.39	0.29	0.33	21.5	8	26	17	0.54	3.52	29	26.1	0.22	1571
604	Flowering	0.6	0.47	0.32	0.59	22.0	8	24	16	0.54	3.57	30	27	0.21	1553
605	Flowering	0.49	0.46	0.32	0.35	23.1	10	24	17	0.56	3.42	32	28.8	0.22	1602
606	Flowering	0.41	0.37	0.31	0.5	24.4	9	26	17.5	0.55	3.51	31	27.9	0.23	1671
607	Flowering	0.46	0.3	0.34	0.33	24.3	8	20	14	0.55	3.54	29	26.1	0.20	1479
608	Flowering	0.44	0.48	0.28	0.56	22.3	11	22	16.5	0.53	3.42	35	31.5	0.23	1696
609	Flowering	0.6	0.32	0.29	0.33	22.1	12	23	17.5	0.54	3.58	35	31.5	0.25	1774
610	Flowering	0.41	0.49	0.29	0.47	23.2	10	26	18	0.56	3.56	35	31.5	0.23	1672
611	Flowering	0.58	0.42	0.32	0.51	24.6	12	21	16.5	0.54	3.52	33	29.7	0.24	1751
612	Flowering	0.6	0.45	0.25	0.54	23.9	10	26	18	0.54	3.56	32	28.8	0.24	1753
613	Flowering	0.49	0.5	0.34	0.57	23.1	12	22	17	0.55	3.38	30	27	0.24	1708
614	Flowering	0.54	0.36	0.31	0.43	23.3	10	22	16	0.53	3.49	29	26.1	0.23	1682
615	Flowering	0.51	0.34	0.32	0.43	23.6	10	21	15.5	0.55	3.46	35	31.5	0.22	1587
616	Flowering	0.46	0.37	0.31	0.58	22.7	12	22	17	0.53	3.46	29	26.1	0.25	1788
617	Flowering	0.57	0.5	0.28	0.46	22.5	8	22	15	0.55	3.42	32	28.8	0.20	1460
618	Flowering	0.51	0.47	0.29	0.36	24.3	11	26	18.5	0.53	3.47	32	28.8	0.26	1850
619	Flowering	0.59	0.47	0.29	0.35	24.8	9	24	16.5	0.54	3.45	30	27	0.23	1644
620	Flowering	0.58	0.33	0.34	0.54	25.0	10	24	17	0.55	3.4	32	28.8	0.23	1671
621	Flowering	0.47	0.34	0.35	0.31	23.7	8	25	16.5	0.53	3.53	35	31.5	0.23	1639
622	Flowering	0.53	0.33	0.25	0.42	23.4	10	20	15	0.54	3.39	33	29.7	0.22	1580
623	Flowering	0.49	0.43	0.28	0.45	24.4	9	23	16	0.55	3.57	32	28.8	0.22	1596
624	Flowering	0.44	0.45	0.26	0.41	22.8	12	25	18.5	0.53	3.36	31	27.9	0.25	1823
625	Flowering	0.55	0.43	0.28	0.41	23.2	11	26	18.5	0.54	3.38	30	27	0.25	1779
626	Flowering	0.54	0.48	0.26	0.5	24.7	10	22	16	0.53	3.48	29	26.1	0.24	1716
627	Flowering	0.54	0.4	0.25	0.5	23.1	8	20	14	0.56	3.55	30	27	0.20	1439
628	Flowering	0.42	0.41	0.27	0.5	22.2	11	20	15.5	0.56	3.4	30	27	0.21	1554
629	Flowering	0.46	0.34	0.3	0.47	22.7	8	25	16.5	0.53	3.44	30	27	0.22	1585
630	Flowering	0.51	0.37	0.26	0.42	22.9	12	24	18	0.54	3.44	32	28.8	0.25	1798
631	Flowering	0.52	0.45	0.26	0.41	22.2	8	25	16.5	0.54	3.43	31	27.9	0.21	1555
632	Flowering	0.44	0.4	0.3	0.59	25.1	11	21	16	0.56	3.47	34	30.6	0.23	1646
633	Flowering	0.6	0.49	0.31	0.55	23.6	8	24	16	0.55	3.58	35	31.5	0.22	1558
634	Flowering	0.44	0.31	0.3	0.39	22.6	9	22	15.5	0.56	3.52	29	26.1	0.21	1511
635	Flowering	0.49	0.32	0.32	0.51	23.4	12	23	17.5	0.54	3.54	35	31.5	0.25	1805
636	Flowering	0.56	0.31	0.25	0.58	21.7	10	22	16	0.56	3.46	35	31.5	0.21	1552
637	Flowering	0.42	0.42	0.25	0.59	24.4	12	20	16	0.53	3.52	33	29.7	0.24	1770
638	Flowering	0.54	0.33	0.33	0.43	24.4	8	21	14.5	0.55	3.44	34	30.6	0.20	1480
639	Flowering	0.6	0.38	0.3	0.5	23.3	9	26	17.5	0.53	3.46	30	27	0.24	1707
640	Flowering	0.46	0.38	0.31	0.52	21.4	9	20	14.5	0.55	3.36	32	28.8	0.20	1441
641	Fruit set	0.47	0.44	0.35	0.57	26.6	12	27	19.5	0.52	3.3	14	12.6	0.27	1945
642	Fruit set	0.54	0.45	0.28	0.4	28.4	14	30	22	0.46	3.32	27	24.3	0.34	2455
643	Fruit set	0.48	0.46	0.25	0.32	25.9	14	29	21.5	0.46	3.31	25	22.5	0.33	2365
644	Fruit set	0.51	0.39	0.34	0.59	27.0	12	30	21	0.49	3.33	20	18	0.30	2174
645	Fruit set	0.51	0.45	0.27	0.36	28.7	12	26	19	0.53	3.32	19	17.1	0.27	1950
646	Fruit set	0.42	0.39	0.25	0.6	27.5	12	27	19.5	0.53	3.31	13	11.7	0.27	1926
647	Fruit set	0.59	0.45	0.33	0.57	27.7	15	30	22.5	0.51	3.31	28	25.2	0.32	2312
648	Fruit set	0.45	0.34	0.35	0.53	26.4	13	30	21.5	0.46	3.33	25	22.5	0.32	2339
649	Fruit set	0.56	0.49	0.29	0.58	26.6	13	29	21	0.47	3.32	28	25.2	0.32	2280
650	Fruit set	0.49	0.49	0.32	0.31	27.8	14	26	20	0.5	3.28	13	11.7	0.30	2139
651	Fruit set	0.41	0.4	0.33	0.3	27.0	15	30	22.5	0.5	3.32	28	25.2	0.32	2323
652	Fruit set	0.52	0.36	0.26	0.33	27.6	16	30	23	0.44	3.3	22	19.8	0.37	2660
653	Fruit set	0.51	0.37	0.28	0.49	26.5	14	30	22	0.49	3.33	23	20.7	0.32	2311
654	Fruit set	0.4	0.37	0.32	0.33	27.4	13	26	19.5	0.51	3.29	27	24.3	0.28	2044
655	Fruit set	0.55	0.34	0.35	0.32	28.3	16	26	21	0.45	3.29	22	19.8	0.34	2482
656	Fruit set	0.47	0.43	0.26	0.5	25.6	13	28	20.5	0.53	3.3	20	18	0.28	1997
657	Fruit set	0.56	0.48	0.34	0.57	25.3	14	26	20	0.44	3.31	15	13.5	0.32	2306
658	Fruit set	0.58	0.31	0.27	0.49	25.5	16	29	22.5	0.46	3.29	16	14.4	0.34	2490
659	Fruit set	0.44	0.34	0.27	0.55	27.6	15	28	21.5	0.46	3.32	15	13.5	0.34	2435
660	Fruit set	0.59	0.38	0.29	0.35	28.8	16	28	22	0.44	3.32	19	17.1	0.36	2617
661	Fruit set	0.55	0.3	0.3	0.57	25.8	15	28	21.5	0.45	3.3	16	14.4	0.34	2448
662	Fruit set	0.49	0.5	0.26	0.33	26.6	13	26	19.5	0.44	3.32	26	23.4	0.31	2269
663	Fruit set	0.58	0.48	0.33	0.45	28.6	16	29	22.5	0.46	3.33	16	14.4	0.36	2575
664	Fruit set	0.48	0.33	0.26	0.52	26.9	14	30	22	0.46	3.28	28	25.2	0.33	2403
665	Fruit set	0.44	0.39	0.33	0.49	25.4	15	29	22	0.51	3.31	21	18.9	0.31	2208
666	Fruit set	0.43	0.3	0.31	0.35	25.8	16	31	23.5	0.49	3.28	18	16.2	0.34	2444
667	Fruit set	0.5	0.45	0.35	0.47	26.1	15	28	21.5	0.49	3.32	27	24.3	0.32	2283
668	Fruit set	0.52	0.44	0.25	0.48	27.3	16	29	22.5	0.45	3.3	23	20.7	0.36	2581
669	Fruit set	0.4	0.49	0.34	0.34	26.7	16	26	21	0.49	3.32	25	22.5	0.32	2319
670	Fruit set	0.46	0.46	0.33	0.46	26.0	13	26	19.5	0.49	3.31	18	16.2	0.29	2077
671	Fruit set	0.46	0.33	0.25	0.51	27.5	14	31	22.5	0.48	3.3	16	14.4	0.33	2389
672	Fruit set	0.49	0.39	0.29	0.48	27.2	13	28	20.5	0.5	3.33	23	20.7	0.30	2139
673	Fruit set	0.41	0.42	0.27	0.36	28.7	15	28	21.5	0.47	3.33	21	18.9	0.33	2422
674	Fruit set	0.57	0.45	0.26	0.38	26.3	15	30	22.5	0.5	3.28	20	18	0.32	2323
675	Fruit set	0.51	0.31	0.28	0.6	28.0	14	26	20	0.53	3.32	15	13.5	0.29	2067
676	Fruit set	0.45	0.42	0.35	0.48	28.7	12	28	20	0.53	3.32	26	23.4	0.28	1997
677	Fruit set	0.52	0.31	0.29	0.6	28.7	13	27	20	0.44	3.31	18	16.2	0.32	2346
678	Fruit set	0.56	0.38	0.29	0.53	26.4	15	30	22.5	0.46	3.32	28	25.2	0.34	2465
679	Fruit set	0.6	0.39	0.3	0.35	26.9	16	31	23.5	0.51	3.31	15	13.5	0.33	2409
680	Fruit set	0.49	0.48	0.27	0.47	27.7	13	28	20.5	0.51	3.32	15	13.5	0.29	2107
681	Fruit set	0.56	0.39	0.31	0.4	27.1	13	31	22	0.46	3.32	17	15.3	0.33	2377
682	Fruit set	0.5	0.3	0.26	0.32	26.5	15	28	21.5	0.49	3.31	26	23.4	0.32	2315
683	Fruit set	0.42	0.3	0.29	0.36	28.7	12	27	19.5	0.5	3.3	27	24.3	0.28	2057
684	Fruit set	0.43	0.46	0.35	0.34	27.2	16	29	22.5	0.48	3.28	17	15.3	0.34	2456
685	Fruit set	0.52	0.5	0.29	0.37	28.2	16	26	21	0.53	3.33	14	12.6	0.31	2207
686	Fruit set	0.47	0.5	0.26	0.39	26.9	14	26	20	0.49	3.33	19	17.1	0.30	2168
687	Fruit set	0.54	0.32	0.28	0.36	27.7	15	30	22.5	0.47	3.28	16	14.4	0.34	2482
688	Fruit set	0.4	0.39	0.28	0.43	27.7	12	27	19.5	0.5	3.28	27	24.3	0.28	2047
689	Fruit set	0.57	0.43	0.32	0.31	26.1	13	28	20.5	0.48	3.31	22	19.8	0.30	2176
690	Fruit set	0.4	0.38	0.26	0.58	28.5	14	31	22.5	0.51	3.32	26	23.4	0.32	2295
691	Fruit set	0.47	0.36	0.31	0.44	28.4	15	26	20.5	0.46	3.32	14	12.6	0.33	2372
692	Fruit set	0.6	0.3	0.32	0.38	25.6	15	30	22.5	0.44	3.29	28	25.2	0.35	2535
693	Fruit set	0.59	0.5	0.26	0.39	25.3	12	31	21.5	0.49	3.31	25	22.5	0.30	2137
694	Fruit set	0.49	0.42	0.34	0.55	28.2	13	29	21	0.52	3.32	28	25.2	0.29	2109
695	Fruit set	0.54	0.42	0.28	0.57	28.0	16	27	21.5	0.5	3.33	20	18	0.32	2344
696	Fruit set	0.57	0.49	0.35	0.5	28.6	12	29	20.5	0.47	3.28	27	24.3	0.31	2213
697	Fruit set	0.56	0.4	0.31	0.38	27.5	16	30	23	0.45	3.29	18	16.2	0.36	2613
698	Fruit set	0.46	0.46	0.33	0.44	25.6	16	28	22	0.46	3.32	20	18	0.34	2460
699	Fruit set	0.54	0.33	0.3	0.48	28.4	14	30	22	0.47	3.29	16	14.4	0.33	2402
700	Fruit set	0.5	0.41	0.3	0.52	25.4	15	29	22	0.52	3.3	26	23.4	0.30	2180
701	Fruit set	0.46	0.37	0.26	0.41	27.4	16	28	22	0.5	3.32	20	18	0.32	2341
702	Fruit set	0.53	0.31	0.33	0.52	25.5	15	31	23	0.47	3.33	20	18	0.34	2458
703	Fruit set	0.43	0.32	0.31	0.54	27.5	12	31	21.5	0.52	3.33	22	19.8	0.29	2070
704	Fruit set	0.46	0.33	0.3	0.47	27.6	16	26	21	0.46	3.32	15	13.5	0.34	2436
705	Fruit set	0.57	0.39	0.27	0.56	26.8	16	26	21	0.48	3.29	18	16.2	0.32	2344
706	Fruit set	0.42	0.45	0.28	0.42	26.7	14	26	20	0.44	3.29	24	21.6	0.32	2346
707	Fruit set	0.51	0.38	0.29	0.53	25.8	13	28	20.5	0.45	3.29	21	18.9	0.32	2292
708	Fruit set	0.5	0.43	0.28	0.58	27.5	15	26	20.5	0.52	3.28	21	18.9	0.29	2118
709	Fruit set	0.48	0.32	0.33	0.4	25.8	16	31	23.5	0.46	3.32	19	17.1	0.36	2597
710	Fruit set	0.56	0.39	0.26	0.33	25.8	14	26	20	0.48	3.33	26	23.4	0.30	2187
711	Fruit set	0.45	0.31	0.26	0.37	25.9	14	29	21.5	0.5	3.29	18	16.2	0.30	2200
712	Fruit set	0.58	0.44	0.27	0.59	25.5	14	29	21.5	0.48	3.32	24	21.6	0.31	2276
713	Fruit set	0.49	0.44	0.3	0.3	26.8	14	29	21.5	0.44	3.28	26	23.4	0.34	2462
714	Fruit set	0.46	0.4	0.34	0.56	26.6	12	28	20	0.51	3.31	20	18	0.28	2027
715	Fruit set	0.55	0.49	0.3	0.57	27.8	12	27	19.5	0.44	3.3	14	12.6	0.31	2266
716	Fruit set	0.59	0.4	0.27	0.57	26.2	16	26	21	0.53	3.33	25	22.5	0.30	2154
717	Fruit set	0.52	0.43	0.31	0.59	28.3	13	29	21	0.45	3.29	13	11.7	0.33	2391
718	Fruit set	0.44	0.36	0.29	0.36	25.5	12	27	19.5	0.53	3.29	26	23.4	0.26	1879
719	Fruit set	0.58	0.32	0.25	0.5	26.4	16	29	22.5	0.44	3.28	26	23.4	0.36	2601
720	Fruit set	0.55	0.46	0.31	0.46	28.6	13	27	20	0.48	3.31	21	18.9	0.31	2215
721	Fruit set	0.51	0.4	0.26	0.55	27.7	13	28	20.5	0.53	3.29	21	18.9	0.28	2044
722	Fruit set	0.47	0.47	0.3	0.43	26.4	13	26	19.5	0.45	3.29	26	23.4	0.31	2217
723	Fruit set	0.4	0.49	0.33	0.34	26.9	15	31	23	0.46	3.3	27	24.3	0.35	2538
724	Fruit set	0.57	0.36	0.29	0.56	26.1	13	27	20	0.5	3.3	20	18	0.29	2096
725	Fruit set	0.44	0.32	0.28	0.45	27.0	13	26	19.5	0.46	3.31	28	25.2	0.31	2211
726	Fruit set	0.56	0.37	0.3	0.37	26.4	13	30	21.5	0.47	3.28	16	14.4	0.31	2272
727	Fruit set	0.57	0.41	0.26	0.5	26.7	15	30	22.5	0.44	3.28	27	24.3	0.36	2572
728	Fruit set	0.45	0.38	0.33	0.44	26.1	13	27	20	0.52	3.32	23	20.7	0.28	2003
729	Fruit set	0.46	0.43	0.25	0.44	27.5	15	30	22.5	0.5	3.28	23	20.7	0.33	2352
730	Fruit set	0.42	0.38	0.35	0.56	25.3	14	26	20	0.45	3.33	23	20.7	0.32	2292
731	Fruit set	0.53	0.31	0.3	0.44	26.6	15	26	20.5	0.47	3.31	18	16.2	0.32	2302
732	Fruit set	0.47	0.48	0.27	0.36	26.9	15	28	21.5	0.48	3.33	19	17.1	0.33	2356
733	Fruit set	0.44	0.49	0.35	0.54	26.1	14	28	21	0.53	3.32	20	18	0.29	2078
734	Fruit set	0.5	0.5	0.32	0.57	27.1	14	27	20.5	0.48	3.29	28	25.2	0.31	2248
735	Fruit set	0.5	0.38	0.32	0.49	27.2	12	29	20.5	0.52	3.32	22	19.8	0.28	2013
736	Fruit set	0.57	0.33	0.34	0.4	28.7	16	27	21.5	0.53	3.29	26	23.4	0.31	2230
737	Fruit set	0.4	0.46	0.35	0.32	26.0	16	27	21.5	0.46	3.3	19	17.1	0.33	2416
738	Fruit set	0.55	0.48	0.35	0.38	28.7	16	30	23	0.47	3.33	20	18	0.36	2591
739	Fruit set	0.49	0.48	0.29	0.53	25.4	15	26	20.5	0.52	3.3	24	21.6	0.29	2083
740	Fruit set	0.5	0.49	0.27	0.33	25.7	15	31	23	0.47	3.29	23	20.7	0.34	2451
741	Fruit set	0.59	0.44	0.33	0.35	25.8	16	27	21.5	0.44	3.3	16	14.4	0.34	2494
742	Fruit set	0.45	0.42	0.34	0.33	28.4	14	30	22	0.44	3.28	27	24.3	0.35	2532
743	Fruit set	0.4	0.34	0.29	0.48	26.2	15	26	20.5	0.47	3.31	24	21.6	0.32	2295
744	Fruit set	0.4	0.41	0.25	0.32	28.2	16	27	21.5	0.52	3.32	13	11.7	0.31	2259
745	Fruit set	0.41	0.45	0.33	0.58	27.3	16	28	22	0.46	3.29	17	15.3	0.35	2505
746	Fruit set	0.58	0.48	0.3	0.46	26.1	13	28	20.5	0.49	3.31	15	13.5	0.30	2142
747	Fruit set	0.49	0.42	0.3	0.52	26.6	14	30	22	0.49	3.31	14	12.6	0.32	2298
748	Fruit set	0.53	0.45	0.26	0.47	27.0	12	29	20.5	0.52	3.28	17	15.3	0.28	2016
749	Fruit set	0.44	0.41	0.3	0.34	28.1	12	27	19.5	0.52	3.29	25	22.5	0.27	1969
750	Fruit set	0.6	0.44	0.25	0.53	27.1	16	29	22.5	0.51	3.28	15	13.5	0.32	2323
751	Fruit set	0.54	0.45	0.25	0.47	28.7	16	29	22.5	0.45	3.29	23	20.7	0.36	2618
752	Fruit set	0.51	0.32	0.28	0.55	27.5	12	29	20.5	0.44	3.3	28	25.2	0.32	2324
753	Fruit set	0.48	0.3	0.28	0.44	27.2	16	26	21	0.47	3.3	23	20.7	0.33	2381
754	Fruit set	0.54	0.46	0.35	0.32	25.3	15	28	21.5	0.49	3.28	25	22.5	0.31	2261
755	Fruit set	0.53	0.41	0.28	0.52	27.6	14	29	21.5	0.5	3.28	26	23.4	0.31	2232
756	Fruit set	0.5	0.44	0.34	0.6	26.1	15	29	22	0.5	3.31	24	21.6	0.32	2288
757	Fruit set	0.46	0.36	0.25	0.4	26.7	14	28	21	0.52	3.33	20	18	0.29	2120
758	Fruit set	0.44	0.41	0.33	0.49	26.6	16	28	22	0.51	3.31	16	14.4	0.31	2276
759	Fruit set	0.5	0.44	0.27	0.45	26.3	16	31	23.5	0.48	3.32	27	24.3	0.35	2527
760	Fruit set	0.47	0.34	0.33	0.47	27.6	12	28	20	0.45	3.28	27	24.3	0.31	2261
761	Fruit set	0.47	0.46	0.3	0.48	26.2	12	28	20	0.45	3.32	26	23.4	0.31	2238
762	Fruit set	0.42	0.46	0.31	0.55	25.8	12	29	20.5	0.46	3.31	19	17.1	0.31	2210
763	Fruit set	0.51	0.49	0.27	0.49	27.3	12	31	21.5	0.52	3.29	22	19.8	0.28	2043
764	Fruit set	0.59	0.42	0.33	0.35	27.8	16	29	22.5	0.49	3.32	16	14.4	0.34	2433
765	Fruit set	0.42	0.38	0.3	0.51	26.7	14	30	22	0.51	3.33	27	24.3	0.31	2219
766	Fruit set	0.5	0.41	0.28	0.58	28.4	15	28	21.5	0.49	3.29	24	21.6	0.32	2340
767	Fruit set	0.56	0.41	0.31	0.44	28.2	14	28	21	0.47	3.33	22	19.8	0.32	2350
768	Fruit set	0.53	0.34	0.28	0.49	25.7	14	28	21	0.46	3.29	24	21.6	0.32	2325
769	Fruit set	0.49	0.36	0.34	0.32	28.2	14	27	20.5	0.48	3.28	24	21.6	0.31	2268
770	Fruit set	0.43	0.4	0.25	0.47	28.6	15	26	20.5	0.5	3.32	19	17.1	0.31	2224
771	Fruit set	0.54	0.37	0.29	0.3	25.7	16	31	23.5	0.5	3.33	21	18.9	0.33	2415
772	Fruit set	0.57	0.34	0.35	0.52	27.8	14	29	21.5	0.45	3.33	23	20.7	0.34	2452
773	Fruit set	0.43	0.46	0.3	0.48	26.6	13	29	21	0.51	3.32	28	25.2	0.29	2120
774	Fruit set	0.46	0.31	0.28	0.38	28.4	14	27	20.5	0.48	3.28	25	22.5	0.31	2269
775	Fruit set	0.56	0.48	0.25	0.56	26.4	12	30	21	0.49	3.33	22	19.8	0.30	2144
776	Fruit set	0.48	0.48	0.29	0.37	28.7	14	28	21	0.52	3.32	25	22.5	0.30	2163
777	Fruit set	0.42	0.49	0.28	0.31	26.6	13	31	22	0.52	3.29	15	13.5	0.29	2122
778	Fruit set	0.52	0.46	0.26	0.45	27.8	15	26	20.5	0.45	3.29	18	16.2	0.33	2407
779	Fruit set	0.53	0.5	0.25	0.57	27.3	13	27	20	0.49	3.29	14	12.6	0.30	2143
780	Fruit set	0.4	0.46	0.27	0.3	28.8	14	28	21	0.45	3.31	26	23.4	0.33	2420
781	Fruit set	0.51	0.31	0.26	0.43	26.5	15	30	22.5	0.5	3.32	25	22.5	0.32	2312
782	Fruit set	0.46	0.36	0.33	0.5	28.4	15	31	23	0.46	3.28	18	16.2	0.35	2566
783	Fruit set	0.58	0.31	0.26	0.38	26.4	12	29	20.5	0.48	3.28	23	20.7	0.29	2134
784	Fruit set	0.55	0.37	0.35	0.57	26.2	13	31	22	0.47	3.31	15	13.5	0.32	2313
785	Fruit set	0.52	0.44	0.31	0.55	28.2	13	30	21.5	0.45	3.28	19	17.1	0.33	2400
786	Fruit set	0.54	0.48	0.35	0.45	28.2	12	31	21.5	0.48	3.31	27	24.3	0.31	2226
787	Fruit set	0.43	0.35	0.3	0.33	27.2	16	30	23	0.51	3.29	21	18.9	0.32	2351
788	Fruit set	0.44	0.35	0.35	0.54	25.5	16	31	23.5	0.52	3.28	27	24.3	0.32	2316
789	Fruit set	0.58	0.42	0.28	0.41	28.6	16	26	21	0.47	3.33	28	25.2	0.33	2421
790	Fruit set	0.51	0.34	0.32	0.42	26.3	14	29	21.5	0.52	3.29	26	23.4	0.30	2137
791	Fruit set	0.6	0.5	0.29	0.57	26.4	12	30	21	0.47	3.28	28	25.2	0.30	2204
792	Fruit set	0.49	0.42	0.33	0.38	28.7	13	30	21.5	0.5	3.28	21	18.9	0.30	2198
793	Fruit set	0.58	0.43	0.33	0.32	27.5	16	31	23.5	0.48	3.32	21	18.9	0.35	2546
794	Fruit set	0.58	0.45	0.31	0.56	26.9	16	26	21	0.53	3.32	17	15.3	0.30	2149
795	Fruit set	0.57	0.36	0.3	0.35	25.4	15	31	23	0.47	3.33	27	24.3	0.34	2455
796	Fruit set	0.47	0.3	0.25	0.31	27.9	13	30	21.5	0.48	3.32	23	20.7	0.31	2273
797	Fruit set	0.59	0.44	0.34	0.5	27.0	15	31	23	0.51	3.29	20	18	0.32	2333
798	Fruit set	0.51	0.4	0.26	0.6	26.1	12	28	20	0.53	3.32	13	11.7	0.27	1947
799	Fruit set	0.45	0.4	0.34	0.33	26.2	12	27	19.5	0.45	3.28	18	16.2	0.30	2190
800	Fruit set	0.4	0.36	0.27	0.37	26.1	14	28	21	0.45	3.33	16	14.4	0.33	2374
801	Fruit set	0.48	0.36	0.34	0.49	27.3	12	31	21.5	0.5	3.33	21	18.9	0.30	2156
802	Fruit set	0.45	0.46	0.34	0.49	26.1	13	27	20	0.45	3.33	28	25.2	0.31	2273
803	Fruit set	0.47	0.32	0.28	0.55	26.3	13	29	21	0.46	3.32	15	13.5	0.32	2311
804	Fruit set	0.52	0.44	0.27	0.39	26.3	12	28	20	0.51	3.28	13	11.7	0.28	1994
805	Fruit set	0.58	0.4	0.33	0.52	28.6	14	30	22	0.47	3.33	28	25.2	0.33	2423
806	Fruit set	0.52	0.3	0.33	0.46	27.4	14	29	21.5	0.45	3.28	17	15.3	0.33	2423
807	Fruit set	0.56	0.48	0.34	0.5	25.8	14	29	21.5	0.48	3.29	18	16.2	0.31	2275
808	Fruit set	0.42	0.44	0.32	0.55	27.8	12	31	21.5	0.5	3.3	25	22.5	0.30	2147
809	Fruit set	0.43	0.39	0.32	0.53	26.6	12	31	21.5	0.49	3.32	25	22.5	0.30	2177
810	Fruit set	0.54	0.37	0.32	0.43	25.9	12	28	20	0.48	3.3	22	19.8	0.29	2113
811	Fruit set	0.56	0.35	0.33	0.57	28.1	14	27	20.5	0.52	3.32	27	24.3	0.30	2136
812	Fruit set	0.49	0.31	0.26	0.4	28.7	12	28	20	0.53	3.31	19	17.1	0.28	1991
813	Fruit set	0.45	0.47	0.28	0.41	27.4	13	28	20.5	0.52	3.28	23	20.7	0.29	2073
814	Fruit set	0.58	0.41	0.35	0.31	26.5	13	26	19.5	0.49	3.31	22	19.8	0.29	2095
815	Fruit set	0.52	0.32	0.35	0.6	27.6	16	27	21.5	0.52	3.32	13	11.7	0.31	2253
816	Fruit set	0.51	0.41	0.35	0.42	27.8	13	29	21	0.44	3.33	22	19.8	0.33	2417
817	Fruit set	0.4	0.43	0.26	0.51	27.1	16	26	21	0.52	3.32	25	22.5	0.30	2193
818	Fruit set	0.49	0.32	0.3	0.55	26.4	15	30	22.5	0.47	3.28	25	22.5	0.33	2417
819	Fruit set	0.56	0.39	0.3	0.35	27.1	15	31	23	0.48	3.32	16	14.4	0.34	2466
820	Fruit set	0.47	0.34	0.28	0.51	28.3	12	28	20	0.44	3.32	25	22.5	0.32	2292
821	Fruit set	0.57	0.33	0.28	0.35	27.9	17	31	24	0.41	3.35	6	5.4	0.40	2899
822	Fruit set	0.47	0.46	0.27	0.37	27.7	17	33	25	0.44	3.31	12	10.8	0.39	2848
823	Fruit set	0.54	0.36	0.29	0.36	28.0	16	31	23.5	0.38	3.33	12	10.8	0.41	2954
824	Fruit set	0.6	0.38	0.35	0.52	28.3	16	31	23.5	0.44	3.35	12	10.8	0.37	2700
825	Fruit set	0.44	0.47	0.26	0.48	28.1	18	33	25.5	0.42	3.31	10	9	0.42	3030
826	Fruit set	0.49	0.5	0.25	0.44	27.6	16	31	23.5	0.4	3.31	9	8.1	0.39	2833
827	Fruit set	0.42	0.34	0.26	0.31	27.9	18	33	25.5	0.42	3.34	6	5.4	0.42	3025
828	Fruit set	0.41	0.4	0.33	0.55	28.4	17	32	24.5	0.38	3.35	8	7.2	0.43	3086
829	Fruit set	0.57	0.42	0.27	0.54	27.4	18	32	25	0.38	3.36	7	6.3	0.44	3155
830	Fruit set	0.45	0.47	0.29	0.54	27.8	16	32	24	0.41	3.32	9	8.1	0.39	2852
831	Fruit set	0.49	0.35	0.27	0.49	27.7	17	32	24.5	0.43	3.35	13	11.7	0.39	2852
832	Fruit set	0.46	0.39	0.27	0.35	27.8	17	33	25	0.41	3.31	13	11.7	0.41	2978
833	Fruit set	0.43	0.37	0.32	0.54	27.7	17	31	24	0.42	3.32	7	6.3	0.39	2840
834	Fruit set	0.46	0.3	0.26	0.35	28.8	18	32	25	0.39	3.33	10	9	0.43	3132
835	Fruit set	0.58	0.37	0.31	0.34	28.3	16	33	24.5	0.38	3.33	11	9.9	0.42	3042
836	Fruit set	0.6	0.43	0.28	0.44	28.4	18	31	24.5	0.44	3.33	6	5.4	0.39	2858
837	Fruit set	0.41	0.45	0.29	0.55	28.3	18	32	25	0.38	3.34	8	7.2	0.44	3168
838	Fruit set	0.6	0.4	0.35	0.41	27.9	16	33	24.5	0.38	3.33	7	6.3	0.42	3021
839	Fruit set	0.46	0.42	0.32	0.43	28.6	18	33	25.5	0.42	3.34	10	9	0.42	3040
840	Fruit set	0.4	0.43	0.26	0.4	27.5	17	33	25	0.41	3.32	6	5.4	0.41	2973
841	Fruit set	0.51	0.4	0.27	0.3	28.0	16	32	24	0.38	3.32	8	7.2	0.41	2995
842	Fruit set	0.6	0.47	0.3	0.31	28.8	16	31	23.5	0.41	3.34	6	5.4	0.39	2843
843	Fruit set	0.4	0.5	0.3	0.36	28.0	18	31	24.5	0.38	3.31	7	6.3	0.43	3097
844	Fruit set	0.44	0.49	0.27	0.48	28.7	18	31	24.5	0.44	3.34	8	7.2	0.40	2879
845	Fruit set	0.41	0.49	0.28	0.39	28.5	16	32	24	0.44	3.35	9	8.1	0.38	2749
846	Fruit set	0.55	0.36	0.27	0.33	28.7	18	32	25	0.38	3.31	6	5.4	0.44	3164
847	Fruit set	0.55	0.32	0.33	0.32	27.7	17	32	24.5	0.44	3.31	8	7.2	0.39	2803
848	Fruit set	0.48	0.37	0.25	0.46	28.7	17	31	24	0.42	3.33	12	10.8	0.40	2881
849	Fruit set	0.5	0.46	0.32	0.33	28.5	16	32	24	0.43	3.34	12	10.8	0.39	2792
850	Fruit set	0.4	0.49	0.3	0.48	28.6	17	32	24.5	0.41	3.35	6	5.4	0.41	2967
851	Fruit set	0.51	0.48	0.33	0.43	27.6	16	33	24.5	0.38	3.32	10	9	0.42	3014
852	Fruit set	0.44	0.31	0.3	0.42	28.5	18	32	25	0.38	3.33	8	7.2	0.44	3167
853	Fruit set	0.44	0.42	0.3	0.54	27.4	18	31	24.5	0.4	3.32	10	9	0.41	2990
854	Fruit set	0.57	0.4	0.31	0.46	28.1	18	33	25.5	0.38	3.34	10	9	0.44	3198
855	Fruit set	0.46	0.46	0.34	0.5	28.2	18	33	25.5	0.43	3.34	9	8.1	0.41	2986
856	Fruit set	0.5	0.44	0.27	0.32	27.7	17	33	25	0.42	3.35	11	9.9	0.41	2940
857	Fruit set	0.56	0.36	0.29	0.56	28.5	18	31	24.5	0.38	3.34	12	10.8	0.43	3118
858	Fruit set	0.59	0.47	0.29	0.3	28.5	18	32	25	0.39	3.31	11	9.9	0.43	3111
859	Fruit set	0.51	0.36	0.33	0.41	27.6	17	33	25	0.38	3.33	8	7.2	0.43	3095
860	Fruit set	0.42	0.47	0.26	0.5	28.1	18	33	25.5	0.44	3.33	9	8.1	0.41	2946
861	Fruit set	0.6	0.38	0.33	0.56	27.6	17	31	24	0.38	3.32	12	10.8	0.42	3003
862	Fruit set	0.57	0.48	0.3	0.6	27.4	18	32	25	0.39	3.33	7	6.3	0.43	3089
863	Fruit set	0.45	0.32	0.34	0.57	28.2	17	33	25	0.41	3.34	13	11.7	0.42	3007
864	Fruit set	0.54	0.37	0.34	0.34	27.4	16	31	23.5	0.38	3.32	13	11.7	0.40	2925
865	Fruit set	0.46	0.34	0.35	0.43	28.1	17	32	24.5	0.43	3.31	10	9	0.39	2847
866	Fruit set	0.51	0.44	0.34	0.51	28.2	17	33	25	0.39	3.33	6	5.4	0.43	3078
867	Fruit set	0.53	0.5	0.25	0.35	28.7	18	31	24.5	0.38	3.35	6	5.4	0.43	3133
868	Fruit set	0.57	0.46	0.26	0.44	28.6	17	32	24.5	0.4	3.33	10	9	0.41	3003
869	Fruit set	0.5	0.5	0.28	0.54	28.5	16	33	24.5	0.41	3.34	6	5.4	0.40	2926
870	Fruit set	0.4	0.47	0.35	0.41	28.1	17	31	24	0.4	3.32	11	9.9	0.41	2940
871	Fruit set	0.43	0.4	0.29	0.34	28.2	17	32	24.5	0.42	3.33	13	11.7	0.40	2900
872	Fruit set	0.6	0.43	0.33	0.53	28.4	17	33	25	0.38	3.33	12	10.8	0.43	3134
873	Fruit set	0.52	0.36	0.35	0.35	27.9	16	32	24	0.44	3.33	8	7.2	0.38	2735
874	Fruit set	0.42	0.45	0.26	0.32	28.4	16	32	24	0.44	3.33	13	11.7	0.38	2743
875	Fruit set	0.56	0.48	0.25	0.43	28.2	17	32	24.5	0.39	3.31	6	5.4	0.42	3025
876	Fruit set	0.56	0.45	0.27	0.33	27.5	16	33	24.5	0.43	3.36	13	11.7	0.39	2806
877	Fruit set	0.41	0.45	0.27	0.52	27.7	18	32	25	0.44	3.35	6	5.4	0.40	2889
878	Fruit set	0.45	0.42	0.27	0.39	28.7	17	33	25	0.38	3.32	13	11.7	0.43	3133
879	Fruit set	0.58	0.46	0.28	0.41	28.1	16	33	24.5	0.4	3.36	7	6.3	0.41	2960
880	Fruit set	0.44	0.45	0.26	0.37	28.2	18	31	24.5	0.39	3.34	12	10.8	0.42	3073
881	Fruit set	0.5	0.44	0.27	0.4	27.4	18	31	24.5	0.42	3.31	7	6.3	0.40	2913
882	Fruit set	0.4	0.35	0.28	0.36	28.7	18	31	24.5	0.43	3.35	12	10.8	0.40	2925
883	Fruit set	0.46	0.35	0.31	0.33	27.9	17	31	24	0.38	3.32	6	5.4	0.42	3022
884	Fruit set	0.4	0.36	0.26	0.38	28.4	16	32	24	0.4	3.35	10	9	0.40	2923
885	Fruit set	0.56	0.41	0.33	0.45	27.6	17	32	24.5	0.41	3.36	11	9.9	0.41	2949
886	Fruit set	0.53	0.31	0.32	0.42	28.4	17	31	24	0.4	3.31	10	9	0.41	2949
887	Fruit set	0.41	0.48	0.28	0.52	27.5	16	32	24	0.39	3.31	8	7.2	0.40	2926
888	Fruit set	0.48	0.3	0.28	0.32	27.7	17	32	24.5	0.41	3.31	8	7.2	0.40	2927
889	Fruit set	0.59	0.47	0.34	0.36	28.4	17	32	24.5	0.44	3.36	11	9.9	0.39	2835
890	Fruit set	0.42	0.33	0.34	0.39	28.2	17	32	24.5	0.4	3.31	10	9	0.41	2977
891	Fruit set	0.45	0.49	0.33	0.49	27.6	17	33	25	0.43	3.34	8	7.2	0.40	2901
892	Fruit set	0.55	0.45	0.34	0.36	27.6	16	31	23.5	0.41	3.32	13	11.7	0.39	2800
893	Fruit set	0.55	0.5	0.34	0.51	28.0	17	33	25	0.4	3.35	6	5.4	0.42	3039
894	Fruit set	0.4	0.44	0.25	0.55	27.7	17	32	24.5	0.4	3.31	11	9.9	0.41	2969
895	Fruit set	0.46	0.4	0.25	0.43	28.6	17	32	24.5	0.4	3.35	12	10.8	0.42	3016
896	Fruit set	0.58	0.47	0.33	0.57	28.4	16	32	24	0.38	3.32	7	6.3	0.41	2991
897	Fruit set	0.6	0.32	0.32	0.31	28.2	18	32	25	0.39	3.35	11	9.9	0.43	3135
898	Fruit set	0.57	0.33	0.33	0.4	27.7	16	31	23.5	0.38	3.35	12	10.8	0.41	2950
899	Fruit set	0.55	0.37	0.33	0.36	28.7	16	32	24	0.44	3.34	8	7.2	0.38	2744
900	Fruit set	0.41	0.45	0.26	0.54	28.6	18	33	25.5	0.43	3.34	13	11.7	0.41	3001
901	Fruit set	0.52	0.32	0.34	0.35	27.7	18	31	24.5	0.41	3.34	12	10.8	0.41	2974
902	Fruit set	0.47	0.48	0.26	0.36	28.8	17	32	24.5	0.4	3.34	9	8.1	0.42	3011
903	Fruit set	0.5	0.47	0.26	0.6	27.7	18	31	24.5	0.41	3.33	12	10.8	0.41	2980
904	Fruit set	0.48	0.44	0.35	0.57	27.8	16	31	23.5	0.38	3.35	13	11.7	0.41	2941
905	Fruit set	0.47	0.33	0.33	0.34	28.8	17	33	25	0.44	3.35	10	9	0.40	2882
906	Fruit set	0.53	0.35	0.28	0.56	28.0	16	33	24.5	0.4	3.35	10	9	0.41	2948
907	Fruit set	0.42	0.33	0.25	0.49	28.1	18	32	25	0.42	3.34	9	8.1	0.41	2995
908	Fruit set	0.57	0.3	0.32	0.33	28.6	16	32	24	0.42	3.32	7	6.3	0.39	2834
909	Fruit set	0.6	0.47	0.3	0.33	27.6	16	32	24	0.43	3.31	11	9.9	0.38	2763
910	Fruit set	0.48	0.47	0.28	0.55	28.8	16	32	24	0.38	3.36	11	9.9	0.42	3032
911	Fruit set	0.53	0.38	0.27	0.42	28.6	16	31	23.5	0.43	3.31	10	9	0.38	2745
912	Fruit set	0.57	0.42	0.27	0.37	28.8	16	33	24.5	0.44	3.35	11	9.9	0.39	2803
913	Fruit set	0.55	0.45	0.27	0.59	28.5	17	31	24	0.4	3.32	8	7.2	0.41	2955
914	Fruit set	0.41	0.37	0.26	0.49	28.4	17	31	24	0.4	3.33	11	9.9	0.41	2962
915	Fruit set	0.54	0.48	0.25	0.42	28.5	16	31	23.5	0.41	3.34	7	6.3	0.39	2842
916	Fruit set	0.59	0.4	0.28	0.45	27.8	17	31	24	0.43	3.31	7	6.3	0.39	2802
917	Fruit set	0.56	0.32	0.34	0.51	27.5	18	31	24.5	0.4	3.35	12	10.8	0.42	3015
918	Fruit set	0.5	0.38	0.31	0.5	28.2	16	33	24.5	0.39	3.35	10	9	0.42	3008
919	Fruit set	0.47	0.32	0.27	0.51	28.0	16	32	24	0.4	3.33	6	5.4	0.40	2894
920	Fruit set	0.47	0.37	0.25	0.39	28.4	18	33	25.5	0.39	3.34	10	9	0.44	3180
921	Fruit set	0.44	0.47	0.34	0.52	27.9	16	32	24	0.43	3.32	6	5.4	0.38	2765
922	Fruit set	0.46	0.35	0.31	0.32	28.4	18	32	25	0.39	3.36	13	11.7	0.43	3141
923	Fruit set	0.48	0.33	0.32	0.46	28.7	16	32	24	0.38	3.34	12	10.8	0.42	3013
924	Fruit set	0.46	0.48	0.35	0.31	28.4	18	31	24.5	0.43	3.34	8	7.2	0.40	2914
925	Fruit set	0.48	0.36	0.26	0.54	28.3	17	31	24	0.43	3.36	6	5.4	0.39	2829
926	Fruit set	0.5	0.32	0.33	0.31	27.4	17	33	25	0.38	3.33	12	10.8	0.43	3102
927	Fruit set	0.59	0.32	0.26	0.58	28.1	16	33	24.5	0.44	3.33	7	6.3	0.38	2779
928	Fruit set	0.44	0.46	0.29	0.57	27.7	16	32	24	0.41	3.35	12	10.8	0.40	2871
929	Fruit set	0.53	0.43	0.27	0.44	27.4	16	31	23.5	0.43	3.32	9	8.1	0.37	2706
930	Fruit set	0.58	0.3	0.34	0.42	27.5	18	33	25.5	0.41	3.36	10	9	0.42	3075
931	Fruit set	0.51	0.43	0.3	0.58	28.5	16	32	24	0.39	3.33	9	8.1	0.41	2949
932	Fruit set	0.49	0.34	0.3	0.46	28.3	18	33	25.5	0.39	3.34	10	9	0.44	3170
933	Fruit set	0.59	0.43	0.31	0.31	28.0	16	33	24.5	0.39	3.34	7	6.3	0.41	2992
934	Fruit set	0.5	0.37	0.29	0.52	28.2	17	32	24.5	0.38	3.32	13	11.7	0.42	3074
935	Fruit set	0.43	0.42	0.31	0.32	28.1	18	31	24.5	0.43	3.35	13	11.7	0.40	2905
936	Fruit set	0.43	0.32	0.32	0.46	28.2	17	32	24.5	0.44	3.33	8	7.2	0.39	2826
937	Fruit set	0.57	0.44	0.26	0.46	27.9	17	31	24	0.39	3.32	8	7.2	0.41	2982
938	Fruit set	0.43	0.3	0.34	0.41	27.5	16	32	24	0.38	3.32	12	10.8	0.41	2972
939	Fruit set	0.6	0.39	0.32	0.37	28.5	17	32	24.5	0.4	3.32	8	7.2	0.41	2995
940	Fruit set	0.49	0.4	0.33	0.38	28.5	17	32	24.5	0.43	3.32	7	6.3	0.40	2873
941	Fruit set	0.4	0.45	0.32	0.35	27.6	17	31	24	0.43	3.31	7	6.3	0.39	2798
942	Fruit set	0.56	0.35	0.25	0.39	27.8	17	32	24.5	0.38	3.32	6	5.4	0.42	3052
943	Fruit set	0.53	0.3	0.3	0.4	28.3	18	33	25.5	0.39	3.32	9	8.1	0.44	3164
944	Fruit set	0.4	0.36	0.34	0.42	28.7	16	33	24.5	0.44	3.33	7	6.3	0.39	2799
945	Fruit set	0.54	0.47	0.34	0.56	28.8	16	31	23.5	0.4	3.32	10	9	0.40	2872
946	Fruit set	0.51	0.41	0.29	0.53	28.8	18	32	25	0.43	3.34	8	7.2	0.41	2959
947	Fruit set	0.52	0.5	0.28	0.44	27.7	17	33	25	0.41	3.35	6	5.4	0.41	2990
948	Fruit set	0.6	0.39	0.28	0.37	28.2	17	31	24	0.39	3.34	10	9	0.41	2988
949	Fruit set	0.59	0.4	0.34	0.49	28.5	17	33	25	0.43	3.35	13	11.7	0.40	2920
950	Fruit set	0.56	0.42	0.3	0.58	28.1	18	31	24.5	0.41	3.32	13	11.7	0.41	2971
951	Fruit set	0.56	0.4	0.26	0.45	27.5	17	33	25	0.43	3.34	9	8.1	0.40	2898
952	Fruit set	0.58	0.48	0.35	0.51	28.5	16	31	23.5	0.44	3.33	10	9	0.37	2713
953	Fruit set	0.59	0.3	0.35	0.4	28.3	16	32	24	0.43	3.34	10	9	0.39	2787
954	Fruit set	0.4	0.43	0.32	0.56	27.6	17	32	24.5	0.44	3.34	12	10.8	0.39	2802
955	Fruit set	0.53	0.38	0.28	0.42	28.3	18	32	25	0.42	3.31	7	6.3	0.41	2981
956	Fruit set	0.49	0.43	0.26	0.45	28.6	16	33	24.5	0.42	3.32	10	9	0.40	2869
957	Fruit set	0.49	0.48	0.27	0.49	27.5	18	31	24.5	0.4	3.32	12	10.8	0.42	3004
958	Fruit set	0.47	0.47	0.25	0.54	27.9	17	32	24.5	0.42	3.35	8	7.2	0.40	2910
959	Fruit set	0.44	0.4	0.32	0.36	28.4	17	31	24	0.41	3.34	11	9.9	0.40	2919
960	Fruit set	0.6	0.43	0.31	0.59	28.6	17	31	24	0.39	3.32	11	9.9	0.41	2999
961	Fruit set	0.43	0.41	0.34	0.31	27.5	17	31	24	0.38	3.35	7	6.3	0.42	3025
962	Fruit set	0.4	0.49	0.29	0.48	28.5	17	31	24	0.38	3.36	10	9	0.42	3054
963	Fruit set	0.45	0.41	0.35	0.45	28.8	17	31	24	0.41	3.32	11	9.9	0.40	2906
964	Fruit set	0.54	0.46	0.29	0.53	28.4	18	33	25.5	0.4	3.33	6	5.4	0.43	3113
965	Fruit set	0.55	0.41	0.3	0.33	28.1	18	33	25.5	0.43	3.32	13	11.7	0.41	2968
966	Fruit set	0.5	0.37	0.31	0.34	28.5	18	33	25.5	0.39	3.31	12	10.8	0.44	3174
967	Fruit set	0.44	0.35	0.3	0.6	28.3	16	31	23.5	0.44	3.33	13	11.7	0.37	2707
968	Fruit set	0.51	0.33	0.33	0.6	27.8	16	32	24	0.42	3.31	9	8.1	0.39	2801
969	Fruit set	0.44	0.34	0.34	0.53	27.4	17	33	25	0.39	3.32	13	11.7	0.42	3042
970	Fruit set	0.53	0.3	0.3	0.57	27.4	18	33	25.5	0.41	3.33	6	5.4	0.42	3058
971	Fruit set	0.4	0.31	0.32	0.3	27.7	17	31	24	0.41	3.34	13	11.7	0.40	2901
972	Fruit set	0.51	0.37	0.29	0.59	27.5	17	31	24	0.4	3.31	11	9.9	0.40	2924
973	Fruit set	0.5	0.43	0.35	0.37	28.1	16	32	24	0.44	3.36	11	9.9	0.38	2745
974	Fruit set	0.4	0.44	0.3	0.54	27.4	17	32	24.5	0.42	3.34	6	5.4	0.40	2887
975	Fruit set	0.57	0.35	0.32	0.35	28.3	16	33	24.5	0.39	3.33	13	11.7	0.41	2998
976	Fruit set	0.48	0.3	0.3	0.47	27.9	17	32	24.5	0.44	3.32	10	9	0.39	2798
977	Fruit set	0.57	0.31	0.26	0.51	28.0	18	33	25.5	0.41	3.34	10	9	0.42	3075
978	Fruit set	0.54	0.38	0.33	0.31	28.1	18	31	24.5	0.41	3.32	6	5.4	0.41	2984
979	Fruit set	0.42	0.47	0.25	0.57	28.6	17	31	24	0.43	3.33	12	10.8	0.39	2831
980	Fruit set	0.54	0.41	0.25	0.34	28.1	17	32	24.5	0.4	3.32	12	10.8	0.41	2979
981	Fruit set	0.45	0.37	0.26	0.44	27.7	17	33	25	0.42	3.33	9	8.1	0.41	2939
982	Fruit set	0.44	0.41	0.26	0.42	27.8	16	32	24	0.41	3.34	8	7.2	0.39	2853
983	Fruit set	0.6	0.37	0.27	0.49	28.5	18	32	25	0.42	3.36	7	6.3	0.41	3003
984	Fruit set	0.58	0.46	0.29	0.37	28.1	17	33	25	0.43	3.32	9	8.1	0.40	2903
985	Fruit set	0.53	0.47	0.31	0.44	28.3	16	32	24	0.4	3.31	10	9	0.40	2898
986	Fruit set	0.56	0.48	0.25	0.56	28.7	18	32	25	0.38	3.33	12	10.8	0.44	3173
987	Fruit set	0.43	0.34	0.29	0.4	28.0	18	31	24.5	0.43	3.31	8	7.2	0.40	2880
988	Fruit set	0.56	0.38	0.35	0.33	27.4	18	32	25	0.44	3.33	8	7.2	0.40	2884
989	Fruit set	0.58	0.32	0.31	0.36	28.7	17	31	24	0.38	3.32	6	5.4	0.42	3034
990	Fruit set	0.51	0.49	0.34	0.36	28.2	18	32	25	0.38	3.36	12	10.8	0.44	3183
991	Fruit set	0.58	0.41	0.3	0.34	28.1	16	31	23.5	0.41	3.36	11	9.9	0.39	2833
992	Fruit set	0.41	0.31	0.32	0.53	28.4	16	33	24.5	0.38	3.35	10	9	0.42	3059
993	Fruit set	0.53	0.47	0.25	0.58	28.7	16	32	24	0.41	3.35	7	6.3	0.40	2891
994	Fruit set	0.44	0.49	0.35	0.46	28.6	16	32	24	0.43	3.35	11	9.9	0.39	2795
995	Fruit set	0.54	0.48	0.33	0.33	28.1	17	33	25	0.44	3.32	13	11.7	0.39	2852
996	Fruit set	0.49	0.5	0.26	0.52	28.2	17	32	24.5	0.42	3.36	11	9.9	0.40	2921
997	Fruit set	0.6	0.34	0.32	0.58	28.6	17	31	24	0.44	3.34	10	9	0.39	2804
998	Fruit set	0.45	0.43	0.25	0.51	27.6	16	31	23.5	0.44	3.34	13	11.7	0.37	2694
999	Fruit set	0.44	0.49	0.25	0.41	27.6	16	32	24	0.4	3.35	10	9	0.40	2895
1000	Fruit set	0.43	0.38	0.34	0.38	28.5	17	33	25	0.41	3.34	7	6.3	0.41	3000
